(26, 21),(10006, 10005)
(18, 17),(10004, 10004)
(17, 58),(10004, 10014)
(50, 6),(10012, 10001)
(42, 2),(10010, 10000)
(29, 32),(10007, 10008)
(8, 9),(10002, 10002)
(48, 45),(10012, 10011)
(0, 5),(10000, 10001)
(40, 41),(10010, 10010)
(19, 18),(10004, 10004)
(6, 48),(10001, 10012)
(11, 14),(10002, 10003)
(41, 42),(10010, 10010)
(33, 38),(10008, 10009)
(34, 3),(10008, 10000)
(25, 34),(10006, 10008)
(44, 47),(10011, 10011)
(45, 12),(10011, 10003)
(37, 8),(10009, 10002)
(10, 54),(10002, 10013)
(2, 50),(10000, 10012)
(3, 15),(10000, 10003)
(22, 28),(10005, 10007)
(14, 24),(10003, 10006)
(46, 13),(10011, 10003)
(38, 9),(10009, 10002)
(49, 18),(10012, 10004)
(36, 48),(10009, 10012)
(15, 25),(10003, 10006)
(7, 21),(10001, 10005)
(47, 57),(47, 57)
(48, 22),(10012, 10005)
(18, 30),(10004, 10007)
(5, 60),(10001, 10015)
(30, 4),(10007, 10001)
(29, 45),(10007, 10011)
(48, 58),(48, 58)
(21, 41),(10005, 10010)
(40, 54),(10010, 10013)
(41, 19),(10010, 10004)
(33, 15),(10008, 10003)
(25, 11),(10006, 10002)
(44, 24),(10011, 10006)
(10, 31),(10002, 10007)
(2, 27),(10000, 10006)
(22, 5),(10005, 10001)
(14, 1),(10003, 10000)
(34, 16),(10008, 10004)
(25, 47),(10006, 10011)
(45, 25),(10011, 10006)
(32, 55),(10008, 10013)
(37, 21),(10009, 10005)
(3, 28),(10000, 10007)
(35, 60),(10008, 10015)
(14, 37),(10003, 10009)
(15, 2),(10003, 10000)
(47, 34),(10011, 10008)
(26, 11),(10006, 10002)
(18, 7),(10004, 10001)
(17, 48),(10004, 10012)
(9, 44),(10002, 10011)
(28, 57),(10007, 10014)
(29, 22),(10007, 10005)
(48, 35),(10012, 10008)
(21, 18),(10005, 10004)
(40, 31),(10010, 10007)
(6, 38),(10001, 10009)
(11, 4),(10002, 10001)
(44, 1),(10011, 10000)
(10, 8),(10002, 10002)
(21, 54),(10005, 10013)
(41, 32),(10010, 10008)
(33, 28),(10008, 10007)
(25, 24),(10006, 10006)
(44, 37),(10011, 10009)
(45, 2),(10011, 10000)
(10, 44),(10002, 10011)
(2, 40),(10000, 10010)
(3, 5),(10000, 10001)
(43, 41),(10010, 10010)
(22, 18),(10005, 10004)
(14, 14),(10003, 10003)
(13, 55),(10003, 10013)
(16, 60),(10004, 10015)
(17, 25),(10004, 10006)
(36, 38),(10009, 10009)
(28, 34),(10007, 10008)
(7, 11),(10001, 10002)
(47, 47),(10011, 10011)
(48, 12),(10012, 10003)
(40, 8),(10010, 10002)
(5, 50),(10001, 10012)
(6, 15),(10001, 10003)
(9, 57),(10002, 10014)
(50, 58),(50, 58)
(29, 35),(10007, 10008)
(21, 31),(10005, 10007)
(40, 44),(10010, 10011)
(41, 9),(10010, 10002)
(33, 5),(10008, 10001)
(6, 51),(10001, 10012)
(25, 1),(10006, 10000)
(39, 48),(10009, 10012)
(44, 14),(10011, 10003)
(10, 21),(10002, 10005)
(2, 17),(10000, 10004)
(34, 6),(10008, 10001)
(13, 32),(10003, 10008)
(32, 45),(10008, 10011)
(37, 11),(10009, 10002)
(24, 41),(10006, 10010)
(3, 18),(10000, 10004)
(16, 37),(10004, 10009)
(43, 54),(10010, 10013)
(35, 50),(10008, 10012)
(36, 15),(10009, 10003)
(1, 57),(10000, 10014)
(47, 24),(10011, 10006)
(26, 1),(10006, 10000)
(5, 27),(10001, 10006)
(17, 38),(10004, 10009)
(36, 51),(10009, 10012)
(9, 34),(10002, 10008)
(28, 47),(10007, 10011)
(29, 12),(10007, 10003)
(48, 25),(10012, 10006)
(21, 8),(10005, 10002)
(40, 21),(10010, 10005)
(6, 28),(10001, 10007)
(33, 18),(10008, 10004)
(20, 48),(10005, 10012)
(25, 14),(10006, 10003)
(12, 44),(10003, 10011)
(31, 57),(10007, 10014)
(32, 22),(10008, 10005)
(23, 53),(10005, 10013)
(2, 30),(10000, 10007)
(43, 31),(10010, 10007)
(22, 8),(10005, 10002)
(35, 27),(10008, 10006)
(14, 4),(10003, 10001)
(1, 34),(10000, 10008)
(13, 45),(10003, 10011)
(32, 58),(10008, 10014)
(24, 54),(10006, 10013)
(16, 50),(10004, 10012)
(17, 15),(10004, 10003)
(36, 28),(10009, 10007)
(9, 11),(10002, 10002)
(28, 24),(10007, 10006)
(47, 37),(10011, 10009)
(48, 2),(10012, 10000)
(5, 40),(10001, 10010)
(6, 5),(10001, 10001)
(9, 47),(10002, 10011)
(50, 48),(10012, 10012)
(29, 25),(10007, 10006)
(42, 44),(10010, 10011)
(21, 21),(10005, 10005)
(8, 51),(10002, 10012)
(19, 60),(10004, 10015)
(11, 56),(10002, 10014)
(39, 38),(10009, 10009)
(44, 4),(10011, 10001)
(31, 34),(10007, 10008)
(10, 11),(10002, 10002)
(2, 7),(10000, 10001)
(12, 57),(10003, 10014)
(13, 22),(10003, 10005)
(4, 53),(10001, 10013)
(32, 35),(10008, 10008)
(24, 31),(10006, 10007)
(43, 44),(10010, 10011)
(16, 27),(10004, 10006)
(35, 40),(35, 40)
(36, 5),(10009, 10001)
(28, 1),(10007, 10000)
(1, 47),(10000, 10011)
(47, 14),(10011, 10003)
(5, 17),(10001, 10004)
(46, 55),(46, 55)
(38, 51),(10009, 10012)
(17, 28),(10004, 10007)
(9, 24),(10002, 10006)
(49, 60),(49, 60)
(28, 37),(10007, 10009)
(29, 2),(10007, 10000)
(40, 11),(10010, 10002)
(27, 41),(10006, 10010)
(6, 18),(10001, 10004)
(30, 46),(10007, 10011)
(42, 57),(10010, 10014)
(0, 60),(10000007, 10000007)
(20, 38),(10005, 10009)
(39, 51),(10009, 10012)
(12, 34),(10003, 10008)
(31, 47),(10007, 10011)
(4, 30),(10001, 10007)
(32, 12),(10008, 10003)
(23, 43),(10005, 10010)
(24, 8),(10006, 10002)
(43, 21),(10010, 10005)
(35, 17),(10008, 10004)
(1, 24),(10000, 10006)
(34, 58),(10008, 10014)
(13, 35),(10003, 10008)
(24, 44),(10006, 10011)
(16, 40),(10004, 10010)
(17, 5),(10004, 10001)
(36, 18),(10009, 10004)
(9, 1),(10002, 10000)
(28, 14),(10007, 10003)
(47, 27),(10011, 10006)
(26, 53),(10006, 10013)
(5, 30),(10001, 10007)
(50, 38),(10012, 10009)
(42, 34),(10010, 10008)
(8, 41),(10002, 10010)
(27, 54),(10006, 10013)
(0, 37),(10000, 10009)
(19, 50),(10004, 10012)
(20, 15),(10005, 10003)
(11, 46),(10002, 10011)
(39, 28),(10009, 10007)
(30, 59),(10007, 10014)
(31, 24),(10007, 10006)
(23, 20),(10005, 10005)
(20, 51),(10005, 10012)
(12, 47),(10003, 10011)
(13, 12),(10003, 10003)
(4, 43),(10001, 10010)
(32, 25),(10008, 10006)
(23, 56),(10005, 10014)
(24, 21),(10006, 10005)
(43, 34),(10010, 10008)
(16, 17),(10004, 10004)
(35, 30),(10008, 10007)
(22, 60),(10005, 10015)
(1, 37),(10000, 10009)
(47, 4),(10011, 10001)
(5, 7),(10001, 10001)
(46, 45),(10011, 10011)
(38, 41),(10009, 10010)
(9, 14),(10002, 10003)
(49, 50),(10012, 10012)
(50, 15),(10012, 10003)
(15, 57),(10003, 10014)
(7, 53),(10001, 10013)
(27, 31),(10006, 10007)
(19, 27),(10004, 10006)
(39, 5),(10009, 10001)
(30, 36),(10007, 10009)
(31, 1),(10007, 10000)
(50, 51),(10012, 10012)
(42, 47),(10010, 10011)
(8, 54),(10002, 10013)
(0, 50),(10000, 10012)
(20, 28),(10005, 10007)
(11, 59),(10002, 10014)
(12, 24),(10003, 10006)
(39, 41),(10009, 10010)
(31, 37),(10007, 10009)
(4, 20),(10001, 10005)
(32, 2),(10008, 10000)
(23, 33),(10005, 10008)
(43, 11),(10010, 10002)
(35, 7),(10008, 10001)
(1, 14),(10000, 10003)
(34, 48),(10008, 10012)
(45, 57),(45, 57)
(46, 22),(10011, 10005)
(37, 53),(10009, 10013)
(16, 30),(10004, 10007)
(3, 60),(10000, 10015)
(49, 27),(10012, 10006)
(28, 4),(10007, 10001)
(15, 34),(10003, 10008)
(26, 43),(10006, 10010)
(46, 58),(46, 58)
(18, 39),(10004, 10009)
(38, 54),(10009, 10013)
(50, 28),(10012, 10007)
(42, 24),(10010, 10006)
(8, 31),(10002, 10007)
(27, 44),(10006, 10011)
(0, 27),(10000, 10006)
(19, 40),(10004, 10010)
(20, 5),(10005, 10001)
(11, 36),(10002, 10009)
(12, 1),(10003, 10000)
(30, 49),(10007, 10012)
(31, 14),(10007, 10003)
(39, 18),(10009, 10004)
(23, 10),(10005, 10002)
(33, 60),(10008, 10015)
(12, 37),(10003, 10009)
(13, 2),(10003, 10000)
(25, 56),(10006, 10014)
(4, 33),(10001, 10008)
(45, 34),(10011, 10008)
(24, 11),(10006, 10002)
(16, 7),(10004, 10001)
(22, 50),(10005, 10012)
(14, 46),(10003, 10011)
(46, 35),(10011, 10008)
(38, 31),(10009, 10007)
(49, 40),(10012, 10010)
(50, 5),(10012, 10001)
(42, 1),(10010, 10000)
(15, 47),(10003, 10011)
(7, 43),(10001, 10010)
(8, 8),(10002, 10002)
(26, 56),(10006, 10014)
(27, 21),(10006, 10005)
(0, 4),(0, 4)
(18, 52),(10004, 10013)
(19, 17),(10004, 10004)
(11, 13),(10002, 10003)
(30, 26),(10007, 10006)
(8, 44),(10002, 10011)
(0, 40),(10000, 10010)
(41, 41),(10010, 10010)
(20, 18),(10005, 10004)
(11, 49),(10002, 10012)
(12, 14),(10003, 10003)
(4, 10),(10001, 10002)
(44, 46),(10011, 10011)
(23, 23),(10005, 10005)
(10, 53),(10002, 10013)
(43, 1),(10010, 10000)
(1, 4),(1, 4)
(34, 38),(10008, 10009)
(45, 47),(10011, 10011)
(46, 12),(10011, 10003)
(37, 43),(10009, 10010)
(38, 8),(10009, 10002)
(3, 50),(10000, 10012)
(49, 17),(10012, 10004)
(14, 59),(10003, 10014)
(15, 24),(10003, 10006)
(7, 20),(10001, 10005)
(26, 33),(10006, 10008)
(18, 29),(10004, 10007)
(30, 3),(10007, 10000)
(50, 18),(10012, 10004)
(42, 14),(10010, 10003)
(7, 56),(10001, 10014)
(8, 21),(10002, 10005)
(48, 57),(48, 57)
(0, 17),(10000, 10004)
(40, 53),(10010, 10013)
(19, 30),(10004, 10007)
(6, 60),(10001, 10015)
(11, 26),(10002, 10006)
(39, 8),(10009, 10002)
(31, 4),(10007, 10001)
(23, 0),(10005, 10000)
(41, 54),(10010, 10013)
(33, 50),(10008, 10012)
(34, 15),(10008, 10003)
(25, 46),(10006, 10011)
(44, 59),(10011, 10014)
(45, 24),(10011, 10006)
(37, 20),(10009, 10005)
(3, 27),(10000, 10006)
(22, 40),(10005, 10010)
(14, 36),(10003, 10009)
(15, 1),(10003, 10000)
(34, 51),(10008, 10012)
(26, 10),(10006, 10002)
(46, 25),(10011, 10006)
(18, 6),(10004, 10001)
(37, 56),(10009, 10014)
(38, 21),(10009, 10005)
(49, 30),(10012, 10007)
(36, 60),(10009, 10015)
(15, 37),(10003, 10009)
(7, 33),(10001, 10008)
(26, 46),(10006, 10011)
(27, 11),(10006, 10002)
(18, 42),(10004, 10010)
(19, 7),(10004, 10001)
(11, 3),(10002, 10000)
(30, 16),(10007, 10004)
(29, 57),(10007, 10014)
(21, 53),(10005, 10013)
(41, 31),(10010, 10007)
(33, 27),(10008, 10006)
(12, 4),(10003, 10001)
(25, 23),(10006, 10005)
(4, 0),(4, 0)
(44, 36),(10011, 10009)
(45, 1),(10011, 10000)
(10, 43),(10002, 10010)
(2, 39),(10000, 10009)
(22, 17),(10005, 10004)
(14, 13),(10003, 10003)
(34, 28),(10008, 10007)
(25, 59),(10006, 10014)
(45, 37),(10011, 10009)
(46, 2),(10011, 10000)
(37, 33),(10009, 10008)
(3, 40),(10000, 10010)
(49, 7),(10012, 10001)
(22, 53),(10005, 10013)
(14, 49),(10003, 10012)
(15, 14),(10003, 10003)
(7, 10),(10001, 10002)
(26, 23),(10006, 10005)
(18, 19),(10004, 10004)
(17, 60),(10004, 10015)
(9, 56),(10002, 10014)
(42, 4),(10010, 10001)
(29, 34),(10007, 10008)
(8, 11),(10002, 10002)
(48, 47),(10012, 10011)
(0, 7),(10000, 10001)
(40, 43),(10010, 10010)
(41, 8),(10010, 10002)
(6, 50),(10001, 10012)
(11, 16),(10002, 10004)
(44, 13),(10011, 10003)
(10, 20),(10002, 10005)
(41, 44),(10010, 10011)
(33, 40),(10008, 10010)
(34, 5),(10008, 10001)
(25, 36),(10006, 10009)
(44, 49),(10011, 10012)
(45, 14),(10011, 10003)
(37, 10),(10009, 10002)
(10, 56),(10002, 10014)
(2, 52),(10000, 10013)
(3, 17),(10000, 10004)
(22, 30),(10005, 10007)
(14, 26),(10003, 10006)
(26, 0),(10006, 10000)
(38, 11),(10009, 10002)
(36, 50),(10009, 10012)
(28, 46),(10007, 10011)
(7, 23),(10001, 10005)
(47, 59),(47, 59)
(48, 24),(10012, 10006)
(27, 1),(10006, 10000)
(40, 20),(10010, 10005)
(6, 27),(10001, 10006)
(30, 6),(10007, 10001)
(29, 47),(10007, 10011)
(21, 43),(10005, 10010)
(40, 56),(10010, 10014)
(41, 21),(10010, 10005)
(33, 17),(10008, 10004)
(25, 13),(10006, 10003)
(44, 26),(10011, 10006)
(10, 33),(10002, 10008)
(2, 29),(10000, 10007)
(22, 7),(10005, 10001)
(14, 3),(10003, 10000)
(34, 18),(10008, 10004)
(32, 57),(10008, 10014)
(37, 23),(10009, 10005)
(24, 53),(10006, 10013)
(3, 30),(10000, 10007)
(36, 27),(10009, 10006)
(15, 4),(10003, 10001)
(7, 0),(10001, 10000)
(47, 36),(10011, 10009)
(26, 13),(10006, 10003)
(18, 9),(10004, 10002)
(17, 50),(10004, 10012)
(9, 46),(10002, 10011)
(28, 59),(10007, 10014)
(29, 24),(10007, 10006)
(48, 37),(10012, 10009)
(21, 20),(10005, 10005)
(40, 33),(10010, 10008)
(6, 40),(10001, 10010)
(44, 3),(10011, 10000)
(10, 10),(10002, 10002)
(2, 6),(10000, 10001)
(33, 30),(10008, 10007)
(20, 60),(10005, 10015)
(25, 26),(10006, 10006)
(45, 4),(10011, 10001)
(32, 34),(10008, 10008)
(37, 0),(10009, 10000)
(2, 42),(10000, 10010)
(3, 7),(10000, 10001)
(43, 43),(10010, 10010)
(22, 20),(10005, 10005)
(35, 39),(10008, 10009)
(14, 16),(10003, 10004)
(13, 57),(10003, 10014)
(17, 27),(10004, 10006)
(36, 40),(10009, 10010)
(9, 23),(10002, 10005)
(28, 36),(10007, 10009)
(29, 1),(10007, 10000)
(47, 49),(10011, 10012)
(48, 14),(10012, 10003)
(40, 10),(10010, 10002)
(5, 52),(10001, 10013)
(6, 17),(10001, 10004)
(9, 59),(10002, 10014)
(50, 60),(50, 60)
(29, 37),(10007, 10009)
(21, 33),(10005, 10008)
(41, 11),(10010, 10002)
(33, 7),(10008, 10001)
(25, 3),(10006, 10000)
(39, 50),(10009, 10012)
(44, 16),(10011, 10004)
(31, 46),(10007, 10011)
(10, 23),(10002, 10005)
(2, 19),(10000, 10004)
(13, 34),(10003, 10008)
(32, 47),(10008, 10011)
(24, 43),(10006, 10010)
(43, 56),(10010, 10014)
(16, 39),(10004, 10009)
(35, 52),(10008, 10013)
(36, 17),(10009, 10004)
(28, 13),(10007, 10003)
(1, 59),(10000, 10014)
(47, 26),(10011, 10006)
(5, 29),(10001, 10007)
(17, 40),(10004, 10010)
(9, 36),(10002, 10009)
(28, 49),(10007, 10012)
(29, 14),(10007, 10003)
(48, 27),(10012, 10006)
(21, 10),(10005, 10002)
(40, 23),(10010, 10005)
(6, 30),(10001, 10007)
(10, 0),(10002, 10000)
(20, 50),(10005, 10012)
(25, 16),(10006, 10004)
(12, 46),(10003, 10011)
(31, 59),(10007, 10014)
(4, 42),(10001, 10010)
(32, 24),(10008, 10006)
(23, 55),(10005, 10013)
(24, 20),(10006, 10005)
(43, 33),(10010, 10008)
(35, 29),(10008, 10007)
(14, 6),(10003, 10001)
(1, 36),(10000, 10009)
(47, 3),(10011, 10000)
(13, 47),(10003, 10011)
(24, 56),(10006, 10014)
(16, 52),(10004, 10013)
(17, 17),(10004, 10004)
(36, 30),(10009, 10007)
(9, 13),(10002, 10003)
(28, 26),(10007, 10006)
(47, 39),(10011, 10009)
(48, 4),(10012, 10001)
(40, 0),(10010, 10000)
(5, 42),(10001, 10010)
(6, 7),(10001, 10001)
(50, 50),(10012, 10012)
(42, 46),(10010, 10011)
(21, 23),(10005, 10005)
(8, 53),(10002, 10013)
(0, 49),(10000, 10012)
(20, 27),(10005, 10006)
(11, 58),(10002, 10014)
(39, 40),(10009, 10010)
(44, 6),(10011, 10001)
(31, 36),(10007, 10009)
(10, 13),(10002, 10003)
(23, 32),(10005, 10008)
(2, 9),(10000, 10002)
(43, 10),(10010, 10002)
(12, 59),(10003, 10014)
(13, 24),(10003, 10006)
(4, 55),(10001, 10013)
(32, 37),(10008, 10009)
(24, 33),(10006, 10008)
(43, 46),(10010, 10011)
(16, 29),(10004, 10007)
(35, 42),(10008, 10010)
(36, 7),(10009, 10001)
(28, 3),(10007, 10000)
(1, 49),(10000, 10012)
(47, 16),(10011, 10004)
(5, 19),(10001, 10004)
(46, 57),(46, 57)
(38, 53),(10009, 10013)
(17, 30),(10004, 10007)
(9, 26),(10002, 10006)
(50, 27),(10012, 10006)
(29, 4),(10007, 10001)
(21, 0),(10005, 10000)
(40, 13),(10010, 10003)
(27, 43),(10006, 10010)
(6, 20),(10001, 10005)
(19, 39),(10004, 10009)
(39, 17),(10009, 10004)
(30, 48),(10007, 10012)
(42, 59),(10010, 10014)
(20, 40),(10005, 10010)
(39, 53),(10009, 10013)
(12, 36),(10003, 10009)
(13, 1),(10003, 10000)
(31, 49),(10007, 10012)
(4, 32),(10001, 10008)
(32, 14),(10008, 10003)
(23, 45),(10005, 10011)
(24, 10),(10006, 10002)
(43, 23),(10010, 10005)
(16, 6),(10004, 10001)
(35, 19),(10008, 10004)
(1, 26),(10000, 10006)
(34, 60),(10008, 10015)
(13, 37),(10003, 10009)
(46, 34),(10011, 10008)
(16, 42),(10004, 10010)
(17, 7),(10004, 10001)
(36, 20),(10009, 10005)
(9, 3),(10002, 10000)
(49, 39),(10012, 10009)
(28, 16),(10007, 10004)
(15, 46),(10003, 10011)
(26, 55),(10006, 10013)
(5, 32),(10001, 10008)
(18, 51),(10004, 10012)
(50, 40),(10012, 10010)
(42, 36),(10010, 10009)
(8, 43),(10002, 10010)
(27, 56),(10006, 10014)
(0, 39),(10000, 10009)
(19, 52),(10004, 10013)
(20, 17),(10005, 10004)
(11, 48),(10002, 10012)
(12, 13),(10003, 10003)
(39, 30),(10009, 10007)
(31, 26),(10007, 10006)
(23, 22),(10005, 10005)
(43, 0),(10010, 10000)
(1, 3),(1, 3)
(12, 49),(10003, 10012)
(13, 14),(10003, 10003)
(4, 45),(10001, 10011)
(32, 27),(10008, 10006)
(45, 46),(10011, 10011)
(24, 23),(10006, 10005)
(16, 19),(10004, 10004)
(35, 32),(10008, 10008)
(1, 39),(10000, 10009)
(14, 58),(10003, 10014)
(47, 6),(10011, 10001)
(5, 9),(10001, 10002)
(46, 47),(10011, 10011)
(38, 43),(10009, 10010)
(9, 16),(10002, 10004)
(49, 52),(10012, 10013)
(50, 17),(10012, 10004)
(42, 13),(10010, 10003)
(15, 59),(10003, 10014)
(7, 55),(10001, 10013)
(8, 20),(10002, 10005)
(27, 33),(10006, 10008)
(19, 29),(10004, 10007)
(11, 25),(10002, 10006)
(39, 7),(10009, 10001)
(30, 38),(10007, 10009)
(31, 3),(10007, 10000)
(42, 49),(10010, 10012)
(8, 56),(10002, 10014)
(0, 52),(10000, 10013)
(41, 53),(10010, 10013)
(20, 30),(10005, 10007)
(12, 26),(10003, 10006)
(31, 39),(10007, 10009)
(4, 22),(10001, 10005)
(32, 4),(10008, 10001)
(23, 35),(10005, 10008)
(24, 0),(10006, 10000)
(44, 58),(10011, 10014)
(43, 13),(10010, 10003)
(35, 9),(10008, 10002)
(1, 16),(10000, 10004)
(34, 50),(10008, 10012)
(45, 59),(45, 59)
(46, 24),(10011, 10006)
(37, 55),(10009, 10013)
(38, 20),(10009, 10005)
(49, 29),(10012, 10007)
(15, 36),(10003, 10009)
(7, 32),(10001, 10008)
(26, 45),(10006, 10011)
(27, 10),(10006, 10002)
(18, 41),(10004, 10010)
(38, 56),(10009, 10014)
(30, 15),(10007, 10003)
(50, 30),(10012, 10007)
(42, 26),(10010, 10006)
(8, 33),(10002, 10008)
(27, 46),(10006, 10011)
(0, 29),(10000, 10007)
(19, 42),(10004, 10010)
(20, 7),(10005, 10001)
(11, 38),(10002, 10009)
(12, 3),(10003, 10000)
(30, 51),(10007, 10012)
(31, 16),(10007, 10004)
(39, 20),(10009, 10005)
(23, 12),(10005, 10003)
(34, 27),(10008, 10006)
(13, 4),(10003, 10001)
(25, 58),(10006, 10014)
(4, 35),(10001, 10008)
(45, 36),(10011, 10009)
(46, 1),(10011, 10000)
(37, 32),(10009, 10008)
(16, 9),(10004, 10002)
(3, 39),(10000, 10009)
(49, 6),(10012, 10001)
(22, 52),(10005, 10013)
(14, 48),(10003, 10012)
(26, 22),(10006, 10005)
(46, 37),(10011, 10009)
(38, 33),(10009, 10008)
(49, 42),(10012, 10010)
(50, 7),(10012, 10001)
(42, 3),(10010, 10000)
(15, 49),(10003, 10012)
(7, 45),(10001, 10011)
(8, 10),(10002, 10002)
(26, 58),(10006, 10014)
(27, 23),(10006, 10005)
(0, 6),(10000, 10001)
(18, 54),(10004, 10013)
(19, 19),(10004, 10004)
(11, 15),(10002, 10003)
(30, 28),(10007, 10007)
(0, 42),(10000, 10010)
(41, 43),(10010, 10010)
(33, 39),(10008, 10009)
(12, 16),(10003, 10004)
(4, 12),(10001, 10003)
(44, 48),(10011, 10012)
(10, 55),(10002, 10013)
(2, 51),(10000, 10012)
(22, 29),(10005, 10007)
(1, 6),(10000, 10001)
(34, 40),(10008, 10010)
(45, 49),(10011, 10012)
(46, 14),(10011, 10003)
(37, 45),(10009, 10011)
(38, 10),(10009, 10002)
(3, 52),(10000, 10013)
(49, 19),(10012, 10004)
(15, 26),(10003, 10006)
(7, 22),(10001, 10005)
(26, 35),(10006, 10008)
(27, 0),(10006, 10000)
(18, 31),(10004, 10007)
(30, 5),(10007, 10001)
(42, 16),(10010, 10004)
(29, 46),(10007, 10011)
(8, 23),(10002, 10005)
(48, 59),(48, 59)
(0, 19),(10000, 10004)
(40, 55),(10010, 10013)
(11, 28),(10002, 10007)
(31, 6),(10007, 10001)
(23, 2),(10005, 10000)
(41, 56),(10010, 10014)
(33, 52),(10008, 10013)
(34, 17),(10008, 10004)
(25, 48),(10006, 10012)
(45, 26),(10011, 10006)
(37, 22),(10009, 10005)
(3, 29),(10000, 10007)
(22, 42),(10005, 10010)
(14, 38),(10003, 10009)
(15, 3),(10003, 10000)
(26, 12),(10006, 10003)
(18, 8),(10004, 10002)
(38, 23),(10009, 10005)
(15, 39),(10003, 10009)
(28, 58),(10007, 10014)
(7, 35),(10001, 10008)
(8, 0),(10002, 10000)
(48, 36),(10012, 10009)
(27, 13),(10006, 10003)
(18, 44),(10004, 10011)
(19, 9),(10004, 10002)
(11, 5),(10002, 10001)
(30, 18),(10007, 10004)
(29, 59),(10007, 10014)
(21, 55),(10005, 10013)
(41, 33),(10010, 10008)
(33, 29),(10008, 10007)
(25, 25),(10006, 10006)
(4, 2),(4, 2)
(44, 38),(10011, 10009)
(45, 3),(10011, 10000)
(10, 45),(10002, 10011)
(2, 41),(10000, 10010)
(3, 6),(10000, 10001)
(22, 19),(10005, 10004)
(14, 15),(10003, 10003)
(34, 30),(10008, 10007)
(46, 4),(10011, 10001)
(37, 35),(10009, 10008)
(38, 0),(10009, 10000)
(3, 42),(10000, 10010)
(49, 9),(10012, 10002)
(14, 51),(10003, 10012)
(15, 16),(10003, 10004)
(7, 12),(10001, 10003)
(47, 48),(10011, 10012)
(26, 25),(10006, 10006)
(18, 21),(10004, 10005)
(9, 58),(10002, 10014)
(29, 36),(10007, 10009)
(48, 49),(10012, 10012)
(21, 32),(10005, 10008)
(0, 9),(10000, 10002)
(40, 45),(10010, 10011)
(41, 10),(10010, 10002)
(33, 6),(10008, 10001)
(6, 52),(10001, 10013)
(44, 15),(10011, 10003)
(10, 22),(10002, 10005)
(33, 42),(10008, 10010)
(34, 7),(10008, 10001)
(25, 38),(10006, 10009)
(44, 51),(10011, 10012)
(45, 16),(10011, 10004)
(37, 12),(10009, 10003)
(10, 58),(10002, 10014)
(2, 54),(10000, 10013)
(3, 19),(10000, 10004)
(43, 55),(10010, 10013)
(22, 32),(10005, 10008)
(14, 28),(10003, 10007)
(26, 2),(10006, 10000)
(17, 39),(10004, 10009)
(36, 52),(10009, 10013)
(28, 48),(10007, 10012)
(29, 13),(10007, 10003)
(48, 26),(10012, 10006)
(40, 22),(10010, 10005)
(6, 29),(10001, 10007)
(29, 49),(10007, 10012)
(21, 45),(10005, 10011)
(40, 58),(10010, 10014)
(41, 23),(10010, 10005)
(33, 19),(10008, 10004)
(25, 15),(10006, 10003)
(44, 28),(10011, 10007)
(10, 35),(10002, 10008)
(2, 31),(10000, 10007)
(22, 9),(10005, 10002)
(14, 5),(10003, 10001)
(13, 46),(10003, 10011)
(32, 59),(10008, 10014)
(24, 55),(10006, 10013)
(16, 51),(10004, 10012)
(36, 29),(10009, 10007)
(15, 6),(10003, 10001)
(28, 25),(10007, 10006)
(7, 2),(10001, 10000)
(47, 38),(10011, 10009)
(48, 3),(10012, 10000)
(18, 11),(10004, 10002)
(5, 41),(10001, 10010)
(17, 52),(10004, 10013)
(9, 48),(10002, 10012)
(29, 26),(10007, 10006)
(48, 39),(10012, 10009)
(21, 22),(10005, 10005)
(40, 35),(10010, 10008)
(41, 0),(10010, 10000)
(6, 42),(10001, 10010)
(44, 5),(10011, 10001)
(10, 12),(10002, 10003)
(2, 8),(10000, 10002)
(25, 28),(10006, 10007)
(12, 58),(10003, 10014)
(45, 6),(10011, 10001)
(32, 36),(10008, 10009)
(37, 2),(10009, 10000)
(24, 32),(10006, 10008)
(3, 9),(10000, 10002)
(43, 45),(10010, 10011)
(35, 41),(10008, 10010)
(14, 18),(10003, 10004)
(1, 48),(10000, 10012)
(47, 15),(10011, 10003)
(13, 59),(10003, 10014)
(17, 29),(10004, 10007)
(36, 42),(10009, 10010)
(9, 25),(10002, 10006)
(28, 38),(10007, 10009)
(29, 3),(10007, 10000)
(47, 51),(10011, 10012)
(48, 16),(10012, 10004)
(40, 12),(10010, 10003)
(5, 54),(10001, 10013)
(6, 19),(10001, 10004)
(42, 58),(10010, 10014)
(21, 35),(10005, 10008)
(41, 13),(10010, 10003)
(33, 9),(10008, 10002)
(20, 39),(10005, 10009)
(25, 5),(10006, 10001)
(39, 52),(10009, 10013)
(44, 18),(10011, 10004)
(31, 48),(10007, 10012)
(10, 25),(10002, 10006)
(2, 21),(10000, 10005)
(43, 22),(10010, 10005)
(13, 36),(10003, 10009)
(32, 49),(10008, 10012)
(24, 45),(10006, 10011)
(43, 58),(10010, 10014)
(16, 41),(10004, 10010)
(17, 6),(10004, 10001)
(35, 54),(10008, 10013)
(36, 19),(10009, 10004)
(28, 15),(10007, 10003)
(47, 28),(10011, 10007)
(5, 31),(10001, 10007)
(17, 42),(10004, 10010)
(9, 38),(10002, 10009)
(50, 39),(10012, 10009)
(29, 16),(10007, 10004)
(21, 12),(10005, 10003)
(40, 25),(10010, 10006)
(27, 55),(10006, 10013)
(6, 32),(10001, 10008)
(39, 29),(10009, 10007)
(30, 60),(10007, 10015)
(10, 2),(10002, 10000)
(20, 52),(10005, 10013)
(12, 48),(10003, 10012)
(13, 13),(10003, 10003)
(4, 44),(10001, 10011)
(32, 26),(10008, 10006)
(23, 57),(10005, 10014)
(24, 22),(10006, 10005)
(43, 35),(10010, 10008)
(16, 18),(10004, 10004)
(35, 31),(10008, 10007)
(1, 38),(10000, 10009)
(47, 5),(10011, 10001)
(13, 49),(10003, 10012)
(5, 8),(10001, 10002)
(46, 46),(10011, 10011)
(16, 54),(10004, 10013)
(17, 19),(10004, 10004)
(36, 32),(10009, 10008)
(9, 15),(10002, 10003)
(49, 51),(10012, 10012)
(28, 28),(10007, 10007)
(48, 6),(10012, 10001)
(40, 2),(10010, 10000)
(5, 44),(10001, 10011)
(6, 9),(10001, 10002)
(50, 52),(10012, 10013)
(42, 48),(10010, 10012)
(8, 55),(10002, 10013)
(0, 51),(10000, 10012)
(20, 29),(10005, 10007)
(11, 60),(10002, 10015)
(12, 25),(10003, 10006)
(39, 42),(10009, 10010)
(31, 38),(10007, 10009)
(32, 3),(10008, 10000)
(23, 34),(10005, 10008)
(2, 11),(10000, 10002)
(43, 12),(10010, 10003)
(35, 8),(10008, 10002)
(1, 15),(10000, 10003)
(13, 26),(10003, 10006)
(4, 57),(10001, 10014)
(32, 39),(10008, 10009)
(24, 35),(10006, 10008)
(16, 31),(10004, 10007)
(35, 44),(10008, 10011)
(36, 9),(10009, 10002)
(28, 5),(10007, 10001)
(1, 51),(10000, 10012)
(47, 18),(10011, 10004)
(5, 21),(10001, 10005)
(46, 59),(46, 59)
(38, 55),(10009, 10013)
(9, 28),(10002, 10007)
(50, 29),(10012, 10007)
(29, 6),(10007, 10001)
(42, 25),(10010, 10006)
(21, 2),(10005, 10000)
(8, 32),(10002, 10008)
(27, 45),(10006, 10011)
(19, 41),(10004, 10010)
(11, 37),(10002, 10009)
(39, 19),(10009, 10004)
(30, 50),(10007, 10012)
(31, 15),(10007, 10003)
(20, 42),(10005, 10010)
(12, 38),(10003, 10009)
(13, 3),(10003, 10000)
(31, 51),(10007, 10012)
(4, 34),(10001, 10008)
(32, 16),(10008, 10004)
(23, 47),(10005, 10011)
(24, 12),(10006, 10003)
(43, 25),(10010, 10006)
(16, 8),(10004, 10002)
(35, 21),(10008, 10005)
(1, 28),(10000, 10007)
(46, 36),(10011, 10009)
(38, 32),(10009, 10008)
(17, 9),(10004, 10002)
(9, 5),(10002, 10001)
(49, 41),(10012, 10010)
(28, 18),(10007, 10004)
(15, 48),(10003, 10012)
(7, 44),(10001, 10011)
(26, 57),(10006, 10014)
(27, 22),(27, 22)
(18, 53),(10004, 10013)
(30, 27),(10007, 10006)
(50, 42),(10012, 10010)
(42, 38),(10010, 10009)
(8, 45),(10002, 10011)
(27, 58),(10006, 10014)
(0, 41),(10000, 10010)
(19, 54),(10004, 10013)
(20, 19),(10005, 10004)
(11, 50),(10002, 10012)
(12, 15),(10003, 10003)
(39, 32),(10009, 10008)
(31, 28),(10007, 10007)
(4, 11),(10001, 10002)
(23, 24),(10005, 10006)
(43, 2),(10010, 10000)
(1, 5),(10000, 10001)
(34, 39),(10008, 10009)
(13, 16),(10003, 10004)
(4, 47),(10001, 10011)
(45, 48),(10011, 10012)
(24, 25),(10006, 10006)
(37, 44),(10009, 10011)
(16, 21),(10004, 10005)
(3, 51),(10000, 10012)
(14, 60),(10003, 10015)
(26, 34),(10006, 10008)
(5, 11),(10001, 10002)
(46, 49),(10011, 10012)
(38, 45),(10009, 10011)
(49, 54),(10012, 10013)
(50, 19),(10012, 10004)
(42, 15),(10010, 10003)
(7, 57),(10001, 10014)
(8, 22),(10002, 10005)
(27, 35),(10006, 10008)
(0, 18),(10000, 10004)
(19, 31),(10004, 10007)
(11, 27),(10002, 10006)
(39, 9),(10009, 10002)
(30, 40),(10007, 10010)
(31, 5),(10007, 10001)
(23, 1),(10005, 10000)
(0, 54),(10000, 10013)
(41, 55),(10010, 10013)
(20, 32),(10005, 10008)
(33, 51),(10008, 10012)
(12, 28),(10003, 10007)
(4, 24),(10001, 10006)
(32, 6),(10008, 10001)
(23, 37),(10005, 10009)
(24, 2),(10006, 10000)
(44, 60),(10011, 10015)
(35, 11),(10008, 10002)
(22, 41),(10005, 10010)
(1, 18),(10000, 10004)
(34, 52),(10008, 10013)
(46, 26),(10011, 10006)
(37, 57),(10009, 10014)
(38, 22),(10009, 10005)
(49, 31),(10012, 10007)
(15, 38),(10003, 10009)
(7, 34),(10001, 10008)
(26, 47),(10006, 10011)
(27, 12),(10006, 10003)
(18, 43),(10004, 10010)
(19, 8),(10004, 10002)
(30, 17),(10007, 10004)
(50, 32),(10012, 10008)
(42, 28),(10010, 10007)
(29, 58),(10007, 10014)
(8, 35),(10002, 10008)
(0, 31),(10000, 10007)
(19, 44),(10004, 10011)
(20, 9),(10005, 10002)
(11, 40),(10002, 10010)
(12, 5),(10003, 10001)
(39, 22),(10009, 10005)
(31, 18),(10007, 10004)
(4, 1),(4, 1)
(23, 14),(10005, 10003)
(34, 29),(10008, 10007)
(25, 60),(10006, 10015)
(45, 38),(10011, 10009)
(46, 3),(10011, 10000)
(37, 34),(10009, 10008)
(3, 41),(10000, 10010)
(49, 8),(10012, 10002)
(22, 54),(10005, 10013)
(14, 50),(10003, 10012)
(15, 15),(10003, 10003)
(26, 24),(10006, 10006)
(46, 39),(10011, 10009)
(18, 20),(10004, 10005)
(38, 35),(10009, 10008)
(49, 44),(10012, 10011)
(50, 9),(10012, 10002)
(42, 5),(10010, 10001)
(15, 51),(10003, 10012)
(7, 47),(10001, 10011)
(8, 12),(10002, 10003)
(48, 48),(10012, 10012)
(27, 25),(10006, 10006)
(0, 8),(10000, 10002)
(18, 56),(10004, 10014)
(19, 21),(10004, 10005)
(11, 17),(10002, 10004)
(30, 30),(10007, 10007)
(41, 45),(10010, 10011)
(33, 41),(10008, 10010)
(25, 37),(25, 37)
(4, 14),(10001, 10003)
(44, 50),(10011, 10012)
(45, 15),(10011, 10003)
(10, 57),(10002, 10014)
(2, 53),(10000, 10013)
(22, 31),(10005, 10007)
(14, 27),(10003, 10006)
(34, 42),(10008, 10010)
(45, 51),(10011, 10012)
(46, 16),(10011, 10004)
(37, 47),(10009, 10011)
(38, 12),(10009, 10003)
(3, 54),(10000, 10013)
(49, 21),(10012, 10005)
(15, 28),(10003, 10007)
(7, 24),(10001, 10006)
(47, 60),(47, 60)
(26, 37),(10006, 10009)
(27, 2),(10006, 10000)
(18, 33),(10004, 10008)
(30, 7),(10007, 10001)
(29, 48),(10007, 10012)
(21, 44),(10005, 10011)
(0, 21),(10000, 10005)
(40, 57),(10010, 10014)
(41, 22),(10010, 10005)
(11, 30),(10002, 10007)
(44, 27),(10011, 10006)
(23, 4),(10005, 10001)
(10, 34),(10002, 10008)
(41, 58),(10010, 10014)
(33, 54),(10008, 10013)
(34, 19),(10008, 10004)
(25, 50),(10006, 10012)
(45, 28),(10011, 10007)
(37, 24),(10009, 10006)
(3, 31),(10000, 10007)
(22, 44),(10005, 10011)
(14, 40),(10003, 10010)
(15, 5),(10003, 10001)
(7, 1),(10001, 10000)
(26, 14),(10006, 10003)
(18, 10),(10004, 10002)
(17, 51),(10004, 10012)
(28, 60),(10007, 10015)
(7, 37),(10001, 10009)
(8, 2),(10002, 10000)
(48, 38),(10012, 10009)
(40, 34),(10010, 10008)
(19, 11),(10004, 10002)
(6, 41),(10001, 10010)
(11, 7),(10002, 10001)
(21, 57),(10005, 10014)
(41, 35),(10010, 10008)
(33, 31),(10008, 10007)
(25, 27),(10006, 10006)
(44, 40),(10011, 10010)
(45, 5),(10011, 10001)
(37, 1),(10009, 10000)
(10, 47),(10002, 10011)
(2, 43),(10000, 10010)
(3, 8),(10000, 10002)
(22, 21),(10005, 10005)
(14, 17),(10003, 10004)
(13, 58),(10003, 10014)
(46, 6),(10011, 10001)
(38, 2),(10009, 10000)
(3, 44),(10000, 10011)
(49, 11),(10012, 10002)
(36, 41),(10009, 10010)
(15, 18),(10003, 10004)
(7, 14),(10001, 10003)
(47, 50),(10011, 10012)
(48, 15),(10012, 10003)
(18, 23),(10004, 10005)
(5, 53),(10001, 10013)
(9, 60),(10002, 10015)
(29, 38),(10007, 10009)
(48, 51),(10012, 10012)
(21, 34),(10005, 10008)
(40, 47),(10010, 10011)
(41, 12),(10010, 10003)
(33, 8),(10008, 10002)
(6, 54),(10001, 10013)
(25, 4),(10006, 10001)
(44, 17),(10011, 10004)
(10, 24),(10002, 10006)
(2, 20),(10000, 10005)
(33, 44),(10008, 10011)
(34, 9),(10008, 10002)
(25, 40),(10006, 10010)
(45, 18),(10011, 10004)
(32, 48),(10008, 10012)
(37, 14),(10009, 10003)
(2, 56),(10000, 10014)
(3, 21),(10000, 10005)
(43, 57),(10010, 10014)
(35, 53),(10008, 10013)
(14, 30),(10003, 10007)
(1, 60),(10000, 10015)
(26, 4),(10006, 10001)
(18, 0),(10004, 10000)
(17, 41),(10004, 10010)
(36, 54),(10009, 10013)
(9, 37),(10002, 10009)
(28, 50),(10007, 10012)
(29, 15),(10007, 10003)
(48, 28),(10012, 10007)
(21, 11),(10005, 10002)
(40, 24),(10010, 10006)
(6, 31),(10001, 10007)
(10, 1),(10002, 10000)
(29, 51),(10007, 10012)
(21, 47),(10005, 10011)
(41, 25),(10010, 10006)
(33, 21),(10008, 10005)
(25, 17),(10006, 10004)
(44, 30),(10011, 10007)
(31, 60),(10007, 10015)
(10, 37),(10002, 10009)
(2, 33),(10000, 10008)
(22, 11),(10005, 10002)
(14, 7),(10003, 10001)
(13, 48),(10003, 10012)
(24, 57),(10006, 10014)
(16, 53),(10004, 10013)
(17, 18),(10004, 10004)
(36, 31),(10009, 10007)
(28, 27),(10007, 10006)
(7, 4),(10001, 10001)
(47, 40),(10011, 10010)
(48, 5),(10012, 10001)
(40, 1),(10010, 10000)
(5, 43),(10001, 10010)
(6, 8),(10001, 10002)
(17, 54),(10004, 10013)
(9, 50),(10002, 10012)
(29, 28),(10007, 10007)
(21, 24),(10005, 10006)
(40, 37),(10010, 10009)
(41, 2),(10010, 10000)
(6, 44),(10001, 10011)
(44, 7),(10011, 10001)
(10, 14),(10002, 10003)
(2, 10),(10000, 10002)
(12, 60),(10003, 10015)
(13, 25),(10003, 10006)
(4, 56),(10001, 10014)
(32, 38),(10008, 10009)
(37, 4),(10009, 10001)
(24, 34),(10006, 10008)
(3, 11),(10000, 10002)
(43, 47),(10010, 10011)
(35, 43),(10008, 10010)
(36, 8),(10009, 10002)
(1, 50),(10000, 10012)
(47, 17),(10011, 10004)
(5, 20),(10001, 10005)
(17, 31),(10004, 10007)
(36, 44),(10009, 10011)
(9, 27),(10002, 10006)
(28, 40),(10007, 10010)
(29, 5),(10007, 10001)
(48, 18),(10012, 10004)
(21, 1),(10005, 10000)
(40, 14),(10010, 10003)
(5, 56),(10001, 10014)
(6, 21),(10001, 10005)
(42, 60),(10010, 10015)
(33, 11),(10008, 10002)
(20, 41),(10005, 10010)
(25, 7),(10006, 10001)
(39, 54),(10009, 10013)
(31, 50),(10007, 10012)
(32, 15),(10008, 10003)
(23, 46),(10005, 10011)
(2, 23),(10000, 10005)
(43, 24),(10010, 10006)
(22, 1),(10005, 10000)
(35, 20),(10008, 10005)
(1, 27),(10000, 10006)
(13, 38),(10003, 10009)
(32, 51),(10008, 10012)
(24, 47),(10006, 10011)
(16, 43),(10004, 10010)
(17, 8),(10004, 10002)
(35, 56),(10008, 10014)
(36, 21),(10009, 10005)
(9, 4),(10002, 10001)
(28, 17),(10007, 10004)
(47, 30),(10011, 10007)
(5, 33),(10001, 10008)
(9, 40),(10002, 10010)
(50, 41),(10012, 10010)
(29, 18),(10007, 10004)
(42, 37),(10010, 10009)
(21, 14),(10005, 10003)
(27, 57),(10006, 10014)
(19, 53),(10004, 10013)
(39, 31),(10009, 10007)
(31, 27),(10007, 10006)
(10, 4),(10002, 10001)
(2, 0),(2, 0)
(20, 54),(10005, 10013)
(12, 50),(10003, 10012)
(13, 15),(10003, 10003)
(4, 46),(10001, 10011)
(32, 28),(10008, 10007)
(23, 59),(10005, 10014)
(24, 24),(10006, 10006)
(43, 37),(10010, 10009)
(16, 20),(10004, 10005)
(35, 33),(10008, 10008)
(1, 40),(10000, 10010)
(47, 7),(10011, 10001)
(5, 10),(10001, 10002)
(46, 48),(10011, 10012)
(38, 44),(10009, 10011)
(17, 21),(10004, 10005)
(9, 17),(10002, 10004)
(49, 53),(10012, 10013)
(28, 30),(10007, 10007)
(15, 60),(10003, 10015)
(48, 8),(10012, 10002)
(40, 4),(10010, 10001)
(27, 34),(10006, 10008)
(6, 11),(10001, 10002)
(30, 39),(10007, 10009)
(50, 54),(10012, 10013)
(42, 50),(10010, 10012)
(8, 57),(10002, 10014)
(0, 53),(10000, 10013)
(20, 31),(10005, 10007)
(39, 44),(10009, 10011)
(12, 27),(10003, 10006)
(31, 40),(10007, 10010)
(4, 23),(10001, 10005)
(32, 5),(10008, 10001)
(23, 36),(10005, 10009)
(24, 1),(10006, 10000)
(43, 14),(10010, 10003)
(35, 10),(10008, 10002)
(1, 17),(10000, 10004)
(13, 28),(10003, 10007)
(4, 59),(10001, 10014)
(45, 60),(45, 60)
(24, 37),(10006, 10009)
(16, 33),(10004, 10008)
(36, 11),(10009, 10002)
(28, 7),(10007, 10001)
(47, 20),(10011, 10005)
(5, 23),(10001, 10005)
(38, 57),(10009, 10014)
(50, 31),(10012, 10007)
(42, 27),(10010, 10006)
(21, 4),(10005, 10001)
(8, 34),(10002, 10008)
(27, 47),(10006, 10011)
(0, 30),(10000, 10007)
(19, 43),(10004, 10010)
(20, 8),(10005, 10002)
(11, 39),(10002, 10009)
(39, 21),(10009, 10005)
(30, 52),(10007, 10013)
(31, 17),(10007, 10004)
(23, 13),(10005, 10003)
(20, 44),(10005, 10011)
(12, 40),(10003, 10010)
(13, 5),(10003, 10001)
(4, 36),(10001, 10009)
(32, 18),(10008, 10004)
(23, 49),(10005, 10012)
(24, 14),(10006, 10003)
(43, 27),(10010, 10006)
(16, 10),(10004, 10002)
(35, 23),(10008, 10005)
(1, 30),(10000, 10007)
(5, 0),(10001, 10000)
(46, 38),(10011, 10009)
(38, 34),(10009, 10008)
(17, 11),(10004, 10002)
(9, 7),(10002, 10001)
(49, 43),(10012, 10010)
(50, 8),(10012, 10002)
(15, 50),(10003, 10012)
(7, 46),(10001, 10011)
(26, 59),(10006, 10014)
(27, 24),(10006, 10006)
(6, 1),(10001, 10000)
(18, 55),(10004, 10013)
(19, 20),(10004, 10005)
(30, 29),(10007, 10007)
(50, 44),(10012, 10011)
(42, 40),(10010, 10010)
(8, 47),(8, 47)
(0, 43),(10000, 10010)
(19, 56),(10004, 10014)
(20, 21),(10005, 10005)
(11, 52),(10002, 10013)
(12, 17),(10003, 10004)
(39, 34),(10009, 10008)
(31, 30),(10007, 10007)
(4, 13),(10001, 10003)
(23, 26),(10005, 10006)
(43, 4),(10010, 10001)
(35, 0),(10008, 10000)
(1, 7),(10000, 10001)
(34, 41),(10008, 10010)
(13, 18),(10003, 10004)
(45, 50),(10011, 10012)
(46, 15),(10011, 10003)
(37, 46),(10009, 10011)
(16, 23),(10004, 10005)
(3, 53),(10000, 10013)
(49, 20),(10012, 10005)
(15, 27),(10003, 10006)
(26, 36),(10006, 10009)
(5, 13),(10001, 10003)
(18, 32),(10004, 10008)
(46, 51),(10011, 10012)
(38, 47),(10009, 10011)
(49, 56),(49, 56)
(50, 21),(10012, 10005)
(42, 17),(10010, 10004)
(7, 59),(10001, 10014)
(8, 24),(10002, 10006)
(48, 60),(48, 60)
(27, 37),(10006, 10009)
(0, 20),(10000, 10005)
(19, 33),(10004, 10008)
(11, 29),(10002, 10007)
(39, 11),(10009, 10002)
(30, 42),(10007, 10010)
(31, 7),(10007, 10001)
(23, 3),(10005, 10000)
(41, 57),(10010, 10014)
(33, 53),(10008, 10013)
(12, 30),(10003, 10007)
(25, 49),(10006, 10012)
(4, 26),(10001, 10006)
(45, 27),(10011, 10006)
(24, 4),(10006, 10001)
(16, 0),(10004, 10000)
(35, 13),(10008, 10003)
(22, 43),(10005, 10010)
(1, 20),(1, 20)
(14, 39),(10003, 10009)
(34, 54),(10008, 10013)
(46, 28),(10011, 10007)
(37, 59),(10009, 10014)
(38, 24),(10009, 10006)
(49, 33),(10012, 10008)
(15, 40),(10003, 10010)
(7, 36),(10001, 10009)
(8, 1),(10002, 10000)
(26, 49),(10006, 10012)
(27, 14),(10006, 10003)
(18, 45),(10004, 10011)
(19, 10),(10004, 10002)
(11, 6),(10002, 10001)
(30, 19),(10007, 10004)
(42, 30),(10010, 10007)
(29, 60),(10007, 10015)
(8, 37),(10002, 10009)
(21, 56),(10005, 10014)
(0, 33),(10000, 10008)
(41, 34),(10010, 10008)
(20, 11),(10005, 10002)
(11, 42),(10002, 10010)
(12, 7),(10003, 10001)
(31, 20),(10007, 10005)
(4, 3),(4, 3)
(44, 39),(10011, 10009)
(23, 16),(10005, 10004)
(10, 46),(10002, 10011)
(34, 31),(10008, 10007)
(45, 40),(10011, 10010)
(46, 5),(10011, 10001)
(37, 36),(10009, 10009)
(38, 1),(10009, 10000)
(3, 43),(10000, 10010)
(49, 10),(10012, 10002)
(22, 56),(10005, 10014)
(14, 52),(10003, 10013)
(15, 17),(10003, 10004)
(7, 13),(10001, 10003)
(26, 26),(10006, 10006)
(18, 22),(10004, 10005)
(38, 37),(10009, 10009)
(50, 11),(10012, 10002)
(42, 7),(10010, 10001)
(7, 49),(10001, 10012)
(8, 14),(10002, 10003)
(48, 50),(10012, 10012)
(27, 27),(10006, 10006)
(0, 10),(10000, 10002)
(40, 46),(10010, 10011)
(19, 23),(10004, 10005)
(6, 53),(10001, 10013)
(11, 19),(10002, 10004)
(30, 32),(10007, 10008)
(39, 1),(10009, 10000)
(41, 47),(10010, 10011)
(33, 43),(10008, 10010)
(34, 8),(10008, 10002)
(25, 39),(10006, 10009)
(4, 16),(10001, 10004)
(44, 52),(10011, 10013)
(45, 17),(10011, 10004)
(37, 13),(10009, 10003)
(10, 59),(10002, 10014)
(2, 55),(10000, 10013)
(3, 20),(10000, 10005)
(22, 33),(10005, 10008)
(14, 29),(10003, 10007)
(34, 44),(10008, 10011)
(26, 3),(10006, 10000)
(46, 18),(10011, 10004)
(37, 49),(10009, 10012)
(38, 14),(10009, 10003)
(3, 56),(10000, 10014)
(49, 23),(10012, 10005)
(36, 53),(10009, 10013)
(15, 30),(10003, 10007)
(7, 26),(10001, 10006)
(26, 39),(10006, 10009)
(27, 4),(10006, 10001)
(18, 35),(10004, 10008)
(19, 0),(10004, 10000)
(30, 9),(10007, 10002)
(29, 50),(10007, 10012)
(21, 46),(10005, 10011)
(0, 23),(10000, 10005)
(40, 59),(10010, 10014)
(41, 24),(10010, 10006)
(33, 20),(10008, 10005)
(44, 29),(10011, 10007)
(10, 36),(10002, 10009)
(2, 32),(10000, 10008)
(22, 10),(10005, 10002)
(33, 56),(10008, 10014)
(34, 21),(10008, 10005)
(25, 52),(10006, 10013)
(45, 30),(10011, 10007)
(32, 60),(10008, 10015)
(37, 26),(10009, 10006)
(3, 33),(10000, 10008)
(49, 0),(10012, 10000)
(22, 46),(10005, 10011)
(14, 42),(10003, 10010)
(15, 7),(10003, 10001)
(7, 3),(10001, 10000)
(26, 16),(10006, 10004)
(18, 12),(10004, 10003)
(17, 53),(10004, 10013)
(9, 49),(10002, 10012)
(29, 27),(10007, 10006)
(8, 4),(10002, 10001)
(48, 40),(10012, 10010)
(0, 0),(0, 0)
(40, 36),(10010, 10009)
(41, 1),(10010, 10000)
(6, 43),(10001, 10010)
(11, 9),(10002, 10002)
(21, 59),(10005, 10014)
(41, 37),(10010, 10009)
(33, 33),(10008, 10008)
(25, 29),(10006, 10007)
(44, 42),(10011, 10010)
(45, 7),(10011, 10001)
(37, 3),(10009, 10000)
(10, 49),(10002, 10012)
(2, 45),(10000, 10011)
(3, 10),(10000, 10002)
(22, 23),(10005, 10005)
(14, 19),(10003, 10004)
(13, 60),(10003, 10015)
(38, 4),(10009, 10001)
(36, 43),(10009, 10010)
(28, 39),(10007, 10009)
(7, 16),(10001, 10004)
(47, 52),(10011, 10013)
(48, 17),(10012, 10004)
(5, 55),(10001, 10013)
(29, 40),(10007, 10010)
(48, 53),(10012, 10013)
(21, 36),(10005, 10009)
(40, 49),(10010, 10012)
(41, 14),(10010, 10003)
(33, 10),(10008, 10002)
(6, 56),(10001, 10014)
(25, 6),(10006, 10001)
(44, 19),(10011, 10004)
(10, 26),(10002, 10006)
(2, 22),(10000, 10005)
(22, 0),(10005, 10000)
(34, 11),(10008, 10002)
(25, 42),(10006, 10010)
(32, 50),(10008, 10012)
(37, 16),(10009, 10004)
(24, 46),(10006, 10011)
(3, 23),(10000, 10005)
(43, 59),(10010, 10014)
(35, 55),(10008, 10013)
(14, 32),(10003, 10008)
(47, 29),(10011, 10007)
(26, 6),(10006, 10001)
(18, 2),(10004, 10000)
(17, 43),(10004, 10010)
(36, 56),(10009, 10014)
(9, 39),(10002, 10009)
(28, 52),(10007, 10013)
(29, 17),(10007, 10004)
(48, 30),(10012, 10007)
(21, 13),(10005, 10003)
(40, 26),(10010, 10006)
(6, 33),(10001, 10008)
(10, 3),(10002, 10000)
(21, 49),(10005, 10012)
(33, 23),(10008, 10005)
(20, 53),(10005, 10013)
(25, 19),(10006, 10004)
(10, 39),(10002, 10009)
(23, 58),(10005, 10014)
(2, 35),(10000, 10008)
(3, 0),(3, 0)
(43, 36),(10010, 10009)
(22, 13),(10005, 10003)
(14, 9),(10003, 10002)
(13, 50),(10003, 10012)
(24, 59),(10006, 10014)
(16, 55),(10004, 10013)
(17, 20),(10004, 10005)
(36, 33),(10009, 10008)
(28, 29),(10007, 10007)
(47, 42),(10011, 10010)
(48, 7),(10012, 10001)
(40, 3),(10010, 10000)
(5, 45),(10001, 10011)
(6, 10),(10001, 10002)
(17, 56),(10004, 10014)
(9, 52),(10002, 10013)
(50, 53),(10012, 10013)
(29, 30),(10007, 10007)
(21, 26),(10005, 10006)
(41, 4),(10010, 10001)
(33, 0),(10008, 10000)
(6, 46),(10001, 10011)
(39, 43),(10009, 10010)
(44, 9),(10011, 10002)
(10, 16),(10002, 10004)
(2, 12),(10000, 10003)
(13, 27),(10003, 10006)
(4, 58),(10001, 10014)
(32, 40),(10008, 10010)
(24, 36),(10006, 10009)
(43, 49),(10010, 10012)
(16, 32),(10004, 10008)
(35, 45),(10008, 10011)
(36, 10),(10009, 10002)
(28, 6),(10007, 10001)
(1, 52),(10000, 10013)
(47, 19),(10011, 10004)
(5, 22),(10001, 10005)
(46, 60),(46, 60)
(17, 33),(10004, 10008)
(9, 29),(10002, 10007)
(28, 42),(10007, 10010)
(29, 7),(10007, 10001)
(48, 20),(10012, 10005)
(21, 3),(10005, 10000)
(40, 16),(10010, 10004)
(5, 58),(10001, 10014)
(6, 23),(10001, 10005)
(20, 43),(10005, 10010)
(25, 9),(10006, 10002)
(39, 56),(10009, 10014)
(12, 39),(10003, 10009)
(31, 52),(10007, 10013)
(32, 17),(10008, 10004)
(23, 48),(10005, 10012)
(24, 13),(10006, 10003)
(43, 26),(10010, 10006)
(35, 22),(10008, 10005)
(1, 29),(10000, 10007)
(13, 40),(10003, 10010)
(24, 49),(10006, 10012)
(16, 45),(10004, 10011)
(17, 10),(10004, 10002)
(35, 58),(10008, 10014)
(36, 23),(10009, 10005)
(9, 6),(10002, 10001)
(28, 19),(10007, 10004)
(47, 32),(10011, 10008)
(5, 35),(10001, 10008)
(6, 0),(10001, 10000)
(50, 43),(10012, 10010)
(42, 39),(10010, 10009)
(21, 16),(10005, 10004)
(8, 46),(10002, 10011)
(27, 59),(10006, 10014)
(19, 55),(10004, 10013)
(20, 20),(10005, 10005)
(11, 51),(10002, 10012)
(39, 33),(10009, 10008)
(31, 29),(10007, 10007)
(10, 6),(10002, 10001)
(23, 25),(10005, 10006)
(2, 2),(2, 2)
(43, 3),(10010, 10000)
(20, 56),(10005, 10014)
(12, 52),(10003, 10013)
(13, 17),(10003, 10004)
(4, 48),(10001, 10012)
(32, 30),(10008, 10007)
(24, 26),(10006, 10006)
(43, 39),(10010, 10009)
(16, 22),(10004, 10005)
(35, 35),(10008, 10008)
(36, 0),(10009, 10000)
(1, 42),(10000, 10010)
(47, 9),(10011, 10002)
(5, 12),(10001, 10003)
(46, 50),(10011, 10012)
(38, 46),(10009, 10011)
(17, 23),(10004, 10005)
(9, 19),(10002, 10004)
(49, 55),(49, 55)
(50, 20),(10012, 10005)
(7, 58),(10001, 10014)
(40, 6),(10010, 10001)
(27, 36),(10006, 10009)
(6, 13),(10001, 10003)
(19, 32),(10004, 10008)
(39, 10),(10009, 10002)
(30, 41),(10007, 10010)
(50, 56),(50, 56)
(42, 52),(10010, 10013)
(8, 59),(10002, 10014)
(0, 55),(10000, 10013)
(20, 33),(10005, 10008)
(39, 46),(10009, 10011)
(12, 29),(10003, 10007)
(31, 42),(10007, 10010)
(4, 25),(10001, 10006)
(32, 7),(10008, 10001)
(23, 38),(10005, 10009)
(24, 3),(10006, 10000)
(43, 16),(10010, 10004)
(35, 12),(10008, 10003)
(1, 19),(10000, 10004)
(34, 53),(10008, 10013)
(13, 30),(10003, 10007)
(46, 27),(10011, 10006)
(37, 58),(10009, 10014)
(16, 35),(10004, 10008)
(17, 0),(10004, 10000)
(36, 13),(10009, 10003)
(49, 32),(10012, 10008)
(28, 9),(10007, 10002)
(26, 48),(10006, 10012)
(5, 25),(10001, 10006)
(38, 59),(10009, 10014)
(50, 33),(10012, 10008)
(42, 29),(10010, 10007)
(8, 36),(10002, 10009)
(27, 49),(10006, 10012)
(0, 32),(10000, 10008)
(19, 45),(10004, 10011)
(20, 10),(10005, 10002)
(11, 41),(10002, 10010)
(12, 6),(10003, 10001)
(30, 54),(10007, 10013)
(31, 19),(10007, 10004)
(39, 23),(10009, 10005)
(23, 15),(10005, 10003)
(12, 42),(10003, 10010)
(13, 7),(10003, 10001)
(4, 38),(10001, 10009)
(32, 20),(10008, 10005)
(45, 39),(10011, 10009)
(24, 16),(10006, 10004)
(16, 12),(10004, 10003)
(35, 25),(10008, 10006)
(22, 55),(10005, 10013)
(1, 32),(10000, 10008)
(5, 2),(10001, 10000)
(46, 40),(10011, 10010)
(38, 36),(10009, 10009)
(9, 9),(10002, 10002)
(49, 45),(10012, 10011)
(50, 10),(10012, 10002)
(42, 6),(10010, 10001)
(15, 52),(10003, 10013)
(7, 48),(10001, 10012)
(8, 13),(10002, 10003)
(27, 26),(10006, 10006)
(18, 57),(10004, 10014)
(19, 22),(10004, 10005)
(11, 18),(10002, 10004)
(39, 0),(10009, 10000)
(30, 31),(10007, 10007)
(42, 42),(10010, 10010)
(8, 49),(10002, 10012)
(0, 45),(10000, 10011)
(41, 46),(10010, 10011)
(20, 23),(10005, 10005)
(11, 54),(10002, 10013)
(12, 19),(10003, 10004)
(31, 32),(10007, 10008)
(4, 15),(10001, 10003)
(23, 28),(10005, 10007)
(43, 6),(10010, 10001)
(35, 2),(10008, 10000)
(1, 9),(10000, 10002)
(34, 43),(10008, 10010)
(45, 52),(10011, 10013)
(46, 17),(10011, 10004)
(37, 48),(10009, 10012)
(38, 13),(10009, 10003)
(3, 55),(10000, 10013)
(49, 22),(10012, 10005)
(15, 29),(10003, 10007)
(7, 25),(10001, 10006)
(26, 38),(10006, 10009)
(27, 3),(10006, 10000)
(18, 34),(10004, 10008)
(38, 49),(10009, 10012)
(30, 8),(10007, 10002)
(50, 23),(10012, 10005)
(42, 19),(10010, 10004)
(8, 26),(10002, 10006)
(27, 39),(10006, 10009)
(0, 22),(10000, 10005)
(19, 35),(10004, 10008)
(20, 0),(10005, 10000)
(11, 31),(10002, 10007)
(39, 13),(10009, 10003)
(30, 44),(10007, 10011)
(31, 9),(10007, 10002)
(23, 5),(10005, 10001)
(41, 59),(10010, 10014)
(33, 55),(10008, 10013)
(34, 20),(10008, 10005)
(25, 51),(10006, 10012)
(4, 28),(10001, 10007)
(45, 29),(10011, 10007)
(24, 6),(10006, 10001)
(37, 25),(10009, 10006)
(16, 2),(10004, 10000)
(3, 32),(10000, 10008)
(22, 45),(10005, 10011)
(14, 41),(10003, 10010)
(34, 56),(10008, 10014)
(26, 15),(10006, 10003)
(46, 30),(10011, 10007)
(38, 26),(10009, 10006)
(49, 35),(10012, 10008)
(50, 0),(10012, 10000)
(15, 42),(10003, 10010)
(7, 38),(10001, 10009)
(8, 3),(10002, 10000)
(26, 51),(10006, 10012)
(27, 16),(10006, 10004)
(18, 47),(10004, 10011)
(19, 12),(10004, 10003)
(11, 8),(10002, 10002)
(30, 21),(10007, 10005)
(21, 58),(10005, 10014)
(0, 35),(10000, 10008)
(41, 36),(10010, 10009)
(20, 13),(10005, 10003)
(33, 32),(10008, 10008)
(12, 9),(10003, 10002)
(4, 5),(10001, 10001)
(44, 41),(10011, 10010)
(23, 18),(10005, 10004)
(10, 48),(10002, 10012)
(2, 44),(10000, 10011)
(22, 22),(10005, 10005)
(34, 33),(10008, 10008)
(45, 42),(10011, 10010)
(46, 7),(10011, 10001)
(37, 38),(10009, 10009)
(38, 3),(10009, 10000)
(3, 45),(10000, 10011)
(49, 12),(10012, 10003)
(22, 58),(10005, 10014)
(14, 54),(10003, 10013)
(15, 19),(10003, 10004)
(7, 15),(10001, 10003)
(26, 28),(10006, 10007)
(18, 24),(10004, 10006)
(42, 9),(10010, 10002)
(29, 39),(10007, 10009)
(8, 16),(10002, 10004)
(48, 52),(10012, 10013)
(0, 12),(10000, 10003)
(40, 48),(10010, 10012)
(19, 25),(10004, 10006)
(6, 55),(10001, 10013)
(11, 21),(10002, 10005)
(41, 49),(10010, 10012)
(33, 45),(10008, 10011)
(34, 10),(10008, 10002)
(25, 41),(10006, 10010)
(44, 54),(10011, 10013)
(45, 19),(10011, 10004)
(37, 15),(10009, 10003)
(2, 57),(10000, 10014)
(3, 22),(10000, 10005)
(22, 35),(10005, 10008)
(14, 31),(10003, 10007)
(26, 5),(10006, 10001)
(46, 20),(10011, 10005)
(18, 1),(10004, 10000)
(38, 16),(10009, 10004)
(49, 25),(10012, 10006)
(36, 55),(10009, 10013)
(15, 32),(10003, 10008)
(28, 51),(10007, 10012)
(7, 28),(10001, 10007)
(48, 29),(10012, 10007)
(27, 6),(10006, 10001)
(18, 37),(10004, 10009)
(19, 2),(10004, 10000)
(30, 11),(10007, 10002)
(29, 52),(10007, 10013)
(21, 48),(10005, 10012)
(41, 26),(10010, 10006)
(33, 22),(10008, 10005)
(25, 18),(10006, 10004)
(44, 31),(10011, 10007)
(10, 38),(10002, 10009)
(2, 34),(10000, 10008)
(22, 12),(10005, 10003)
(14, 8),(10003, 10002)
(34, 23),(10008, 10005)
(25, 54),(10006, 10013)
(45, 32),(10011, 10008)
(37, 28),(10009, 10007)
(24, 58),(10006, 10014)
(3, 35),(10000, 10008)
(49, 2),(10012, 10000)
(14, 44),(10003, 10011)
(15, 9),(10003, 10002)
(7, 5),(10001, 10001)
(47, 41),(10011, 10010)
(26, 18),(10006, 10004)
(18, 14),(10004, 10003)
(17, 55),(10004, 10013)
(9, 51),(10002, 10012)
(29, 29),(10007, 10007)
(48, 42),(10012, 10010)
(21, 25),(10005, 10006)
(0, 2),(0, 2)
(40, 38),(10010, 10009)
(41, 3),(10010, 10000)
(6, 45),(10001, 10011)
(44, 8),(10011, 10002)
(10, 15),(10002, 10003)
(41, 39),(10010, 10009)
(33, 35),(10008, 10008)
(34, 0),(10008, 10000)
(25, 31),(10006, 10007)
(44, 44),(10011, 10011)
(45, 9),(10011, 10002)
(37, 5),(10009, 10001)
(10, 51),(10002, 10012)
(2, 47),(10000, 10011)
(3, 12),(10000, 10003)
(43, 48),(10010, 10012)
(22, 25),(10005, 10006)
(14, 21),(10003, 10005)
(17, 32),(10004, 10008)
(36, 45),(10009, 10011)
(28, 41),(10007, 10010)
(47, 54),(10011, 10013)
(48, 19),(10012, 10004)
(40, 15),(10010, 10003)
(5, 57),(10001, 10014)
(6, 22),(10001, 10005)
(29, 42),(10007, 10010)
(21, 38),(10005, 10009)
(40, 51),(10010, 10012)
(41, 16),(10010, 10004)
(33, 12),(10008, 10003)
(6, 58),(10001, 10014)
(25, 8),(10006, 10002)
(39, 55),(10009, 10013)
(44, 21),(10011, 10005)
(10, 28),(10002, 10007)
(2, 24),(10000, 10006)
(22, 2),(10005, 10000)
(13, 39),(10003, 10009)
(32, 52),(10008, 10013)
(24, 48),(10006, 10012)
(3, 25),(10000, 10006)
(16, 44),(10004, 10011)
(35, 57),(10008, 10014)
(36, 22),(10009, 10005)
(47, 31),(10011, 10007)
(18, 4),(10004, 10001)
(5, 34),(10001, 10008)
(17, 45),(10004, 10011)
(36, 58),(10009, 10014)
(9, 41),(10002, 10010)
(28, 54),(10007, 10013)
(29, 19),(10007, 10004)
(48, 32),(10012, 10008)
(21, 15),(10005, 10003)
(40, 28),(10010, 10007)
(6, 35),(10001, 10008)
(10, 5),(10002, 10001)
(2, 1),(2, 1)
(20, 55),(10005, 10013)
(25, 21),(10006, 10005)
(12, 51),(10003, 10012)
(32, 29),(10008, 10007)
(23, 60),(10005, 10015)
(2, 37),(10000, 10009)
(3, 2),(3, 2)
(43, 38),(10010, 10009)
(35, 34),(10008, 10008)
(14, 11),(10003, 10002)
(1, 41),(10000, 10010)
(47, 8),(10011, 10002)
(13, 52),(10003, 10013)
(16, 57),(10004, 10014)
(17, 22),(10004, 10005)
(36, 35),(10009, 10008)
(9, 18),(10002, 10004)
(28, 31),(10007, 10007)
(47, 44),(10011, 10011)
(48, 9),(10012, 10002)
(40, 5),(10010, 10001)
(5, 47),(10001, 10011)
(6, 12),(10001, 10003)
(9, 54),(10002, 10013)
(50, 55),(50, 55)
(42, 51),(10010, 10012)
(21, 28),(10005, 10007)
(8, 58),(10002, 10014)
(41, 6),(10010, 10001)
(33, 2),(10008, 10000)
(39, 45),(10009, 10011)
(44, 11),(10011, 10002)
(31, 41),(10007, 10010)
(10, 18),(10002, 10004)
(2, 14),(10000, 10003)
(43, 15),(10010, 10003)
(13, 29),(10003, 10007)
(4, 60),(10001, 10015)
(32, 42),(10008, 10010)
(24, 38),(10006, 10009)
(43, 51),(10010, 10012)
(16, 34),(10004, 10008)
(35, 47),(10008, 10011)
(36, 12),(10009, 10003)
(28, 8),(10007, 10002)
(1, 54),(10000, 10013)
(47, 21),(10011, 10005)
(5, 24),(10001, 10006)
(38, 58),(10009, 10014)
(17, 35),(10004, 10008)
(9, 31),(10002, 10007)
(28, 44),(10007, 10011)
(29, 9),(10007, 10002)
(21, 5),(10005, 10001)
(40, 18),(10010, 10004)
(27, 48),(10006, 10012)
(6, 25),(10001, 10006)
(30, 53),(10007, 10013)
(20, 45),(10005, 10011)
(39, 58),(10009, 10014)
(12, 41),(10003, 10010)
(13, 6),(10003, 10001)
(31, 54),(10007, 10013)
(4, 37),(10001, 10009)
(32, 19),(10008, 10004)
(23, 50),(10005, 10012)
(24, 15),(10006, 10003)
(43, 28),(10010, 10007)
(16, 11),(10004, 10002)
(35, 24),(10008, 10006)
(1, 31),(10000, 10007)
(13, 42),(10003, 10010)
(5, 1),(10001, 10000)
(24, 51),(10006, 10012)
(16, 47),(10004, 10011)
(17, 12),(10004, 10003)
(36, 25),(10009, 10006)
(9, 8),(10002, 10002)
(28, 21),(10007, 10005)
(26, 60),(10006, 10015)
(5, 37),(10001, 10009)
(6, 2),(10001, 10000)
(50, 45),(10012, 10011)
(42, 41),(10010, 10010)
(8, 48),(10002, 10012)
(0, 44),(10000, 10011)
(19, 57),(10004, 10014)
(20, 22),(10005, 10005)
(11, 53),(10002, 10013)
(12, 18),(10003, 10004)
(39, 35),(10009, 10008)
(31, 31),(10007, 10007)
(23, 27),(10005, 10006)
(2, 4),(2, 4)
(43, 5),(10010, 10001)
(35, 1),(10008, 10000)
(1, 8),(10000, 10002)
(20, 58),(10005, 10014)
(12, 54),(10003, 10013)
(13, 19),(10003, 10004)
(4, 50),(10001, 10012)
(32, 32),(10008, 10008)
(24, 28),(10006, 10007)
(16, 24),(10004, 10006)
(35, 37),(10008, 10009)
(36, 2),(10009, 10000)
(1, 44),(10000, 10011)
(47, 11),(10011, 10002)
(5, 14),(10001, 10003)
(46, 52),(10011, 10013)
(38, 48),(10009, 10012)
(9, 21),(10002, 10005)
(49, 57),(49, 57)
(50, 22),(10012, 10005)
(42, 18),(10010, 10004)
(7, 60),(10001, 10015)
(8, 25),(10002, 10006)
(27, 38),(10006, 10009)
(19, 34),(10004, 10008)
(39, 12),(10009, 10003)
(30, 43),(10007, 10010)
(31, 8),(10007, 10002)
(42, 54),(10010, 10013)
(0, 57),(10000, 10014)
(20, 35),(10005, 10008)
(12, 31),(10003, 10007)
(31, 44),(10007, 10011)
(4, 27),(10001, 10006)
(32, 9),(10008, 10002)
(23, 40),(10005, 10010)
(24, 5),(10006, 10001)
(43, 18),(10010, 10004)
(16, 1),(10004, 10000)
(35, 14),(10008, 10003)
(1, 21),(10000, 10005)
(34, 55),(10008, 10013)
(46, 29),(10011, 10007)
(37, 60),(10009, 10015)
(38, 25),(10009, 10006)
(17, 2),(10004, 10000)
(49, 34),(10012, 10008)
(28, 11),(10007, 10002)
(15, 41),(10003, 10010)
(26, 50),(10006, 10012)
(27, 15),(10006, 10003)
(18, 46),(10004, 10011)
(30, 20),(10007, 10005)
(50, 35),(10012, 10008)
(42, 31),(10010, 10007)
(8, 38),(10002, 10009)
(27, 51),(10006, 10012)
(0, 34),(10000, 10008)
(19, 47),(10004, 10011)
(20, 12),(10005, 10003)
(11, 43),(10002, 10010)
(12, 8),(10003, 10002)
(30, 56),(10007, 10014)
(31, 21),(10007, 10005)
(4, 4),(4, 4)
(39, 25),(10009, 10006)
(23, 17),(10005, 10004)
(34, 32),(10008, 10008)
(13, 9),(10003, 10002)
(4, 40),(10001, 10010)
(45, 41),(10011, 10010)
(24, 18),(10006, 10004)
(37, 37),(10009, 10009)
(16, 14),(10004, 10003)
(22, 57),(10005, 10014)
(14, 53),(10003, 10013)
(47, 1),(10011, 10000)
(26, 27),(10006, 10006)
(5, 4),(10001, 10001)
(46, 42),(10011, 10010)
(38, 38),(10009, 10009)
(49, 47),(10012, 10011)
(50, 12),(10012, 10003)
(42, 8),(10010, 10002)
(15, 54),(10003, 10013)
(7, 50),(10001, 10012)
(8, 15),(10002, 10003)
(27, 28),(10006, 10007)
(0, 11),(10000, 10002)
(18, 59),(10004, 10014)
(19, 24),(10004, 10006)
(11, 20),(11, 20)
(39, 2),(10009, 10000)
(30, 33),(10007, 10008)
(0, 47),(10000, 10011)
(41, 48),(10010, 10012)
(20, 25),(10005, 10006)
(12, 21),(10003, 10005)
(4, 17),(10001, 10004)
(44, 53),(10011, 10013)
(23, 30),(10005, 10007)
(10, 60),(10002, 10015)
(43, 8),(10010, 10002)
(35, 4),(10008, 10001)
(22, 34),(10005, 10008)
(1, 11),(10000, 10002)
(34, 45),(10008, 10011)
(45, 54),(10011, 10013)
(46, 19),(10011, 10004)
(37, 50),(10009, 10012)
(38, 15),(10009, 10003)
(3, 57),(10000, 10014)
(49, 24),(10012, 10006)
(15, 31),(10003, 10007)
(7, 27),(10001, 10006)
(26, 40),(10006, 10010)
(27, 5),(10006, 10001)
(18, 36),(10004, 10009)
(19, 1),(10004, 10000)
(30, 10),(10007, 10002)
(50, 25),(10012, 10006)
(42, 21),(10010, 10005)
(8, 28),(10002, 10007)
(0, 24),(10000, 10006)
(40, 60),(10010, 10015)
(19, 37),(10004, 10009)
(20, 2),(10005, 10000)
(11, 33),(10002, 10008)
(39, 15),(10009, 10003)
(31, 11),(10007, 10002)
(23, 7),(10005, 10001)
(33, 57),(10008, 10014)
(34, 22),(10008, 10005)
(25, 53),(10006, 10013)
(45, 31),(10011, 10007)
(37, 27),(10009, 10006)
(16, 4),(10004, 10001)
(3, 34),(3, 34)
(49, 1),(10012, 10000)
(22, 47),(10005, 10011)
(14, 43),(10003, 10010)
(15, 8),(10003, 10002)
(26, 17),(10006, 10004)
(46, 32),(10011, 10008)
(18, 13),(10004, 10003)
(38, 28),(10009, 10007)
(49, 37),(10012, 10009)
(50, 2),(10012, 10000)
(15, 44),(10003, 10011)
(7, 40),(10001, 10010)
(8, 5),(10002, 10001)
(48, 41),(10012, 10010)
(27, 18),(10006, 10004)
(0, 1),(0, 1)
(18, 49),(10004, 10012)
(19, 14),(10004, 10003)
(11, 10),(10002, 10002)
(30, 23),(10007, 10005)
(21, 60),(10005, 10015)
(41, 38),(10010, 10009)
(33, 34),(10008, 10008)
(12, 11),(10003, 10002)
(25, 30),(10006, 10007)
(4, 7),(10001, 10001)
(44, 43),(10011, 10010)
(45, 8),(10011, 10002)
(10, 50),(10002, 10012)
(2, 46),(10000, 10011)
(22, 24),(10005, 10006)
(1, 1),(1, 1)
(14, 20),(10003, 10005)
(34, 35),(10008, 10008)
(45, 44),(10011, 10011)
(46, 9),(10011, 10002)
(37, 40),(10009, 10010)
(38, 5),(10009, 10001)
(3, 47),(10000, 10011)
(49, 14),(10012, 10003)
(14, 56),(10003, 10014)
(15, 21),(10003, 10005)
(7, 17),(10001, 10004)
(47, 53),(10011, 10013)
(26, 30),(10006, 10007)
(18, 26),(10004, 10006)
(30, 0),(10007, 10000)
(42, 11),(10010, 10002)
(29, 41),(10007, 10010)
(8, 18),(10002, 10004)
(21, 37),(10005, 10009)
(48, 54),(10012, 10013)
(0, 14),(10000, 10003)
(40, 50),(10010, 10012)
(41, 15),(10010, 10003)
(6, 57),(10001, 10014)
(11, 23),(10002, 10005)
(44, 20),(10011, 10005)
(10, 27),(10002, 10006)
(41, 51),(10010, 10012)
(33, 47),(10008, 10011)
(34, 12),(10008, 10003)
(25, 43),(10006, 10010)
(44, 56),(10011, 10014)
(45, 21),(10011, 10005)
(37, 17),(10009, 10004)
(2, 59),(10000, 10014)
(3, 24),(10000, 10006)
(43, 60),(10010, 10015)
(22, 37),(10005, 10009)
(14, 33),(10003, 10008)
(26, 7),(10006, 10001)
(18, 3),(10004, 10000)
(38, 18),(10009, 10004)
(17, 44),(10004, 10011)
(36, 57),(10009, 10014)
(28, 53),(10007, 10013)
(7, 30),(10001, 10007)
(48, 31),(10012, 10007)
(27, 8),(10006, 10002)
(40, 27),(10010, 10006)
(19, 4),(10004, 10001)
(6, 34),(10001, 10008)
(11, 0),(10002, 10000)
(30, 13),(10007, 10003)
(29, 54),(10007, 10013)
(21, 50),(10005, 10012)
(41, 28),(10010, 10007)
(33, 24),(10008, 10006)
(25, 20),(10006, 10005)
(44, 33),(10011, 10008)
(10, 40),(10002, 10010)
(2, 36),(10000, 10009)
(3, 1),(3, 1)
(22, 14),(10005, 10003)
(14, 10),(10003, 10002)
(34, 25),(10008, 10006)
(13, 51),(10003, 10012)
(37, 30),(10009, 10007)
(24, 60),(10006, 10015)
(3, 37),(10000, 10009)
(16, 56),(10004, 10014)
(49, 4),(10012, 10001)
(36, 34),(10009, 10008)
(15, 11),(10003, 10002)
(7, 7),(10001, 10001)
(47, 43),(10011, 10010)
(26, 20),(10006, 10005)
(18, 16),(10004, 10004)
(5, 46),(10001, 10011)
(17, 57),(10004, 10014)
(9, 53),(10002, 10013)
(29, 31),(10007, 10007)
(48, 44),(10012, 10011)
(21, 27),(10005, 10006)
(40, 40),(10010, 10010)
(41, 5),(10010, 10001)
(33, 1),(10008, 10000)
(6, 47),(10001, 10011)
(44, 10),(10011, 10002)
(10, 17),(10002, 10004)
(2, 13),(10000, 10003)
(33, 37),(10008, 10009)
(34, 2),(10008, 10000)
(25, 33),(10006, 10008)
(45, 11),(10011, 10002)
(32, 41),(10008, 10010)
(37, 7),(10009, 10001)
(2, 49),(10000, 10012)
(3, 14),(10000, 10003)
(43, 50),(10010, 10012)
(22, 27),(10005, 10006)
(35, 46),(10008, 10011)
(14, 23),(10003, 10005)
(1, 53),(10000, 10013)
(17, 34),(10004, 10008)
(36, 47),(10009, 10011)
(9, 30),(10002, 10007)
(28, 43),(10007, 10010)
(29, 8),(10007, 10002)
(47, 56),(47, 56)
(48, 21),(10012, 10005)
(40, 17),(10010, 10004)
(5, 59),(10001, 10014)
(6, 24),(10001, 10006)
(29, 44),(10007, 10011)
(21, 40),(10005, 10010)
(41, 18),(10010, 10004)
(33, 14),(10008, 10003)
(25, 10),(10006, 10002)
(39, 57),(10009, 10014)
(44, 23),(10011, 10005)
(31, 53),(10007, 10013)
(10, 30),(10002, 10007)
(2, 26),(10000, 10006)
(22, 4),(10005, 10001)
(14, 0),(10003, 10000)
(13, 41),(10003, 10010)
(32, 54),(10008, 10013)
(24, 50),(10006, 10012)
(16, 46),(16, 46)
(35, 59),(10008, 10014)
(36, 24),(10009, 10006)
(28, 20),(10007, 10005)
(47, 33),(10011, 10008)
(5, 36),(10001, 10009)
(17, 47),(10004, 10011)
(9, 43),(10002, 10010)
(28, 56),(10007, 10014)
(29, 21),(10007, 10005)
(48, 34),(10012, 10008)
(21, 17),(10005, 10004)
(40, 30),(10010, 10007)
(27, 60),(10006, 10015)
(6, 37),(10001, 10009)
(44, 0),(10011, 10000)
(10, 7),(10002, 10001)
(2, 3),(2, 3)
(20, 57),(10005, 10014)
(12, 53),(10003, 10013)
(4, 49),(10001, 10012)
(32, 31),(10008, 10007)
(24, 27),(10006, 10006)
(3, 4),(3, 4)
(43, 40),(10010, 10010)
(35, 36),(10008, 10009)
(36, 1),(10009, 10000)
(1, 43),(10000, 10010)
(47, 10),(10011, 10002)
(13, 54),(10003, 10013)
(16, 59),(10004, 10014)
(17, 24),(10004, 10006)
(36, 37),(10009, 10009)
(9, 20),(10002, 10005)
(28, 33),(10007, 10008)
(47, 46),(10011, 10011)
(48, 11),(10012, 10002)
(40, 7),(10010, 10001)
(5, 49),(10001, 10012)
(6, 14),(10001, 10003)
(50, 57),(50, 57)
(42, 53),(10010, 10013)
(21, 30),(10005, 10007)
(8, 60),(10002, 10015)
(0, 56),(10000, 10014)
(33, 4),(10008, 10001)
(20, 34),(10005, 10008)
(25, 0),(10006, 10000)
(39, 47),(10009, 10011)
(31, 43),(10007, 10010)
(32, 8),(10008, 10002)
(23, 39),(10005, 10009)
(2, 16),(10000, 10004)
(43, 17),(10010, 10004)
(13, 31),(10003, 10007)
(32, 44),(10008, 10011)
(24, 40),(10006, 10010)
(43, 53),(10010, 10013)
(16, 36),(10004, 10009)
(17, 1),(10004, 10000)
(35, 49),(10008, 10012)
(36, 14),(10009, 10003)
(28, 10),(10007, 10002)
(1, 56),(10000, 10014)
(47, 23),(10011, 10005)
(5, 26),(10001, 10006)
(38, 60),(10009, 10015)
(17, 37),(10004, 10009)
(9, 33),(10002, 10008)
(50, 34),(10012, 10008)
(29, 11),(10007, 10002)
(21, 7),(10005, 10001)
(27, 50),(10006, 10012)
(19, 46),(10004, 10011)
(39, 24),(10009, 10006)
(30, 55),(10007, 10013)
(20, 47),(10005, 10011)
(39, 60),(10009, 10015)
(12, 43),(10003, 10010)
(13, 8),(10003, 10002)
(31, 56),(10007, 10014)
(4, 39),(10001, 10009)
(32, 21),(10008, 10005)
(23, 52),(10005, 10013)
(24, 17),(10006, 10004)
(43, 30),(10010, 10007)
(16, 13),(10004, 10003)
(35, 26),(10008, 10006)
(1, 33),(10000, 10008)
(47, 0),(10011, 10000)
(13, 44),(10003, 10011)
(5, 3),(10001, 10000)
(46, 41),(10011, 10010)
(16, 49),(10004, 10012)
(17, 14),(10004, 10003)
(9, 10),(10002, 10002)
(49, 46),(10012, 10011)
(28, 23),(10007, 10005)
(15, 53),(10003, 10013)
(48, 1),(10012, 10000)
(5, 39),(10001, 10009)
(6, 4),(10001, 10001)
(18, 58),(10004, 10014)
(50, 47),(10012, 10011)
(42, 43),(10010, 10010)
(8, 50),(10002, 10012)
(0, 46),(10000, 10011)
(19, 59),(10004, 10014)
(20, 24),(10005, 10006)
(11, 55),(10002, 10013)
(12, 20),(10003, 10005)
(39, 37),(10009, 10009)
(31, 33),(10007, 10008)
(23, 29),(10005, 10007)
(43, 7),(10010, 10001)
(35, 3),(10008, 10000)
(1, 10),(10000, 10002)
(12, 56),(10003, 10014)
(13, 21),(10003, 10005)
(4, 52),(10001, 10013)
(45, 53),(10011, 10013)
(24, 30),(10006, 10007)
(16, 26),(10004, 10006)
(36, 4),(10009, 10001)
(28, 0),(10007, 10000)
(1, 46),(10000, 10011)
(47, 13),(10011, 10003)
(5, 16),(10001, 10004)
(46, 54),(10011, 10013)
(38, 50),(10009, 10012)
(49, 59),(49, 59)
(50, 24),(10012, 10006)
(42, 20),(10010, 10005)
(8, 27),(10002, 10006)
(27, 40),(10006, 10010)
(19, 36),(10004, 10009)
(20, 1),(10005, 10000)
(11, 32),(10002, 10008)
(39, 14),(10009, 10003)
(30, 45),(10007, 10011)
(31, 10),(10007, 10002)
(23, 6),(10005, 10001)
(42, 56),(10010, 10014)
(0, 59),(10000, 10014)
(41, 60),(10010, 10015)
(20, 37),(10005, 10009)
(12, 33),(10003, 10008)
(4, 29),(10001, 10007)
(32, 11),(10008, 10002)
(23, 42),(10005, 10010)
(24, 7),(10006, 10001)
(43, 20),(10010, 10005)
(16, 3),(10004, 10000)
(35, 16),(10008, 10004)
(1, 23),(10000, 10005)
(34, 57),(10008, 10014)
(46, 31),(10011, 10007)
(38, 27),(10009, 10006)
(17, 4),(10004, 10001)
(9, 0),(10002, 10000)
(49, 36),(10012, 10009)
(50, 1),(10012, 10000)
(15, 43),(10003, 10010)
(7, 39),(10001, 10009)
(26, 52),(10006, 10013)
(27, 17),(10006, 10004)
(18, 48),(10004, 10012)
(19, 13),(10004, 10003)
(30, 22),(10007, 10005)
(50, 37),(10012, 10009)
(42, 33),(10010, 10008)
(8, 40),(10002, 10010)
(27, 53),(10006, 10013)
(0, 36),(10000, 10009)
(19, 49),(10004, 10012)
(20, 14),(10005, 10003)
(11, 45),(10002, 10011)
(12, 10),(10003, 10002)
(30, 58),(10007, 10014)
(31, 23),(10007, 10005)
(4, 6),(10001, 10001)
(39, 27),(10009, 10006)
(23, 19),(10005, 10004)
(1, 0),(1, 0)
(34, 34),(10008, 10008)
(13, 11),(10003, 10002)
(45, 43),(10011, 10010)
(46, 8),(10011, 10002)
(37, 39),(10009, 10009)
(16, 16),(10004, 10004)
(3, 46),(10000, 10011)
(49, 13),(10012, 10003)
(22, 59),(10005, 10014)
(14, 55),(10003, 10013)
(15, 20),(10003, 10005)
(26, 29),(10006, 10007)
(5, 6),(10001, 10001)
(18, 25),(10004, 10006)
(46, 44),(10011, 10011)
(38, 40),(10009, 10010)
(49, 49),(10012, 10012)
(50, 14),(10012, 10003)
(42, 10),(10010, 10002)
(15, 56),(10003, 10014)
(7, 52),(10001, 10013)
(8, 17),(10002, 10004)
(27, 30),(10006, 10007)
(0, 13),(10000, 10003)
(19, 26),(10004, 10006)
(11, 22),(10002, 10005)
(39, 4),(10009, 10001)
(30, 35),(10007, 10008)
(31, 0),(10007, 10000)
(41, 50),(10010, 10012)
(33, 46),(10008, 10011)
(12, 23),(10003, 10005)
(4, 19),(10001, 10004)
(32, 1),(10008, 10000)
(44, 55),(10011, 10013)
(45, 20),(10011, 10005)
(2, 58),(10000, 10014)
(35, 6),(10008, 10001)
(22, 36),(10005, 10009)
(1, 13),(10000, 10003)
(34, 47),(10008, 10011)
(45, 56),(45, 56)
(46, 21),(10011, 10005)
(37, 52),(10009, 10013)
(38, 17),(10009, 10004)
(3, 59),(10000, 10014)
(49, 26),(10012, 10006)
(15, 33),(10003, 10008)
(7, 29),(10001, 10007)
(26, 42),(10006, 10010)
(27, 7),(10006, 10001)
(18, 38),(10004, 10009)
(19, 3),(10004, 10000)
(30, 12),(10007, 10003)
(42, 23),(10010, 10005)
(29, 53),(10007, 10013)
(8, 30),(10002, 10007)
(0, 26),(10000, 10006)
(41, 27),(10010, 10006)
(20, 4),(10005, 10001)
(11, 35),(10002, 10008)
(12, 0),(10003, 10000)
(31, 13),(10007, 10003)
(44, 32),(10011, 10008)
(23, 9),(10005, 10002)
(33, 59),(10008, 10014)
(34, 24),(10008, 10006)
(25, 55),(10006, 10013)
(45, 33),(10011, 10008)
(37, 29),(10009, 10007)
(3, 36),(10000, 10009)
(49, 3),(10012, 10000)
(22, 49),(10005, 10012)
(14, 45),(10003, 10011)
(15, 10),(10003, 10002)
(7, 6),(10001, 10001)
(26, 19),(10006, 10004)
(18, 15),(10004, 10003)
(38, 30),(10009, 10007)
(50, 4),(10012, 10001)
(42, 0),(10010, 10000)
(7, 42),(10001, 10010)
(8, 7),(10002, 10001)
(48, 43),(10012, 10010)
(27, 20),(10006, 10005)
(0, 3),(0, 3)
(40, 39),(10010, 10009)
(19, 16),(10004, 10004)
(11, 12),(10002, 10003)
(30, 25),(10007, 10006)
(41, 40),(10010, 10010)
(33, 36),(10008, 10009)
(34, 1),(10008, 10000)
(25, 32),(10006, 10008)
(4, 9),(10001, 10002)
(44, 45),(10011, 10011)
(45, 10),(10011, 10002)
(37, 6),(10009, 10001)
(10, 52),(10002, 10013)
(2, 48),(10000, 10012)
(3, 13),(10000, 10003)
(22, 26),(10005, 10006)
(14, 22),(10003, 10005)
(34, 37),(10008, 10009)
(46, 11),(10011, 10002)
(37, 42),(10009, 10010)
(38, 7),(10009, 10001)
(3, 49),(10000, 10012)
(49, 16),(10012, 10004)
(36, 46),(10009, 10011)
(15, 23),(10003, 10005)
(7, 19),(10001, 10004)
(47, 55),(47, 55)
(26, 32),(10006, 10008)
(18, 28),(10004, 10007)
(30, 2),(10007, 10000)
(29, 43),(10007, 10010)
(48, 56),(48, 56)
(21, 39),(10005, 10009)
(0, 16),(10000, 10004)
(40, 52),(10010, 10013)
(41, 17),(10010, 10004)
(33, 13),(10008, 10003)
(6, 59),(10001, 10014)
(44, 22),(10011, 10005)
(10, 29),(10002, 10007)
(2, 25),(10000, 10006)
(22, 3),(10005, 10000)
(33, 49),(10008, 10012)
(34, 14),(10008, 10003)
(25, 45),(10006, 10011)
(45, 23),(10011, 10005)
(32, 53),(10008, 10013)
(37, 19),(10009, 10004)
(3, 26),(10000, 10006)
(22, 39),(10005, 10009)
(14, 35),(10003, 10008)
(15, 0),(10003, 10000)
(26, 9),(10006, 10002)
(18, 5),(10004, 10001)
(17, 46),(10004, 10011)
(36, 59),(10009, 10014)
(9, 42),(10002, 10010)
(28, 55),(10007, 10013)
(29, 20),(10007, 10005)
(48, 33),(10012, 10008)
(40, 29),(10010, 10007)
(19, 6),(10004, 10001)
(6, 36),(10001, 10009)
(11, 2),(10002, 10000)
(29, 56),(10007, 10014)
(21, 52),(10005, 10013)
(41, 30),(10010, 10007)
(33, 26),(10008, 10006)
(25, 22),(10006, 10005)
(44, 35),(10011, 10008)
(45, 0),(10011, 10000)
(10, 42),(10002, 10010)
(2, 38),(10000, 10009)
(3, 3),(3, 3)
(22, 16),(10005, 10004)
(14, 12),(10003, 10003)
(13, 53),(10003, 10013)
(16, 58),(10004, 10014)
(36, 36),(10009, 10009)
(15, 13),(10003, 10003)
(28, 32),(10007, 10008)
(7, 9),(10001, 10002)
(47, 45),(10011, 10011)
(48, 10),(10012, 10002)
(18, 18),(10004, 10004)
(5, 48),(10001, 10012)
(17, 59),(10004, 10014)
(9, 55),(10002, 10013)
(29, 33),(29, 33)
(48, 46),(10012, 10011)
(21, 29),(10005, 10007)
(40, 42),(10010, 10010)
(41, 7),(10010, 10001)
(33, 3),(10008, 10000)
(6, 49),(10001, 10012)
(44, 12),(10011, 10003)
(10, 19),(10002, 10004)
(2, 15),(10000, 10003)
(34, 4),(10008, 10001)
(25, 35),(10006, 10008)
(45, 13),(10011, 10003)
(32, 43),(10008, 10010)
(37, 9),(10009, 10002)
(24, 39),(10006, 10009)
(3, 16),(10000, 10004)
(43, 52),(10010, 10013)
(35, 48),(10008, 10012)
(14, 25),(10003, 10006)
(1, 55),(10000, 10013)
(47, 22),(10011, 10005)
(17, 36),(10004, 10009)
(36, 49),(10009, 10012)
(9, 32),(10002, 10008)
(28, 45),(10007, 10011)
(29, 10),(10007, 10002)
(47, 58),(47, 58)
(48, 23),(10012, 10005)
(21, 6),(10005, 10001)
(40, 19),(10010, 10004)
(6, 26),(10001, 10006)
(21, 42),(10005, 10010)
(41, 20),(10010, 10005)
(33, 16),(10008, 10004)
(20, 46),(10005, 10011)
(25, 12),(10006, 10003)
(39, 59),(10009, 10014)
(44, 25),(10011, 10006)
(31, 55),(10007, 10013)
(10, 32),(10002, 10008)
(23, 51),(10005, 10012)
(2, 28),(10000, 10007)
(43, 29),(10010, 10007)
(22, 6),(10005, 10001)
(14, 2),(10003, 10000)
(13, 43),(10003, 10010)
(32, 56),(10008, 10014)
(24, 52),(10006, 10013)
(16, 48),(10004, 10012)
(17, 13),(10004, 10003)
(36, 26),(10009, 10006)
(28, 22),(10007, 10005)
(47, 35),(10011, 10008)
(48, 0),(10012, 10000)
(5, 38),(10001, 10009)
(6, 3),(10001, 10000)
(17, 49),(10004, 10012)
(9, 45),(10002, 10011)
(50, 46),(10012, 10011)
(29, 23),(10007, 10005)
(21, 19),(10005, 10004)
(40, 32),(10010, 10008)
(6, 39),(10001, 10009)
(19, 58),(10004, 10014)
(39, 36),(10009, 10009)
(44, 2),(10011, 10000)
(10, 9),(10002, 10002)
(2, 5),(10000, 10001)
(20, 59),(10005, 10014)
(12, 55),(10003, 10013)
(13, 20),(10003, 10005)
(4, 51),(10001, 10012)
(32, 33),(10008, 10008)
(24, 29),(10006, 10007)
(43, 42),(10010, 10010)
(16, 25),(10004, 10006)
(35, 38),(10008, 10009)
(36, 3),(10009, 10000)
(1, 45),(10000, 10011)
(47, 12),(10011, 10003)
(13, 56),(10003, 10014)
(5, 15),(10001, 10003)
(46, 53),(10011, 10013)
(17, 26),(10004, 10006)
(36, 39),(10009, 10009)
(9, 22),(10002, 10005)
(49, 58),(49, 58)
(28, 35),(10007, 10008)
(29, 0),(10007, 10000)
(48, 13),(10012, 10003)
(40, 9),(10010, 10002)
(5, 51),(10001, 10012)
(6, 16),(10001, 10004)
(50, 59),(50, 59)
(42, 55),(10010, 10013)
(0, 58),(10000, 10014)
(20, 36),(10005, 10009)
(25, 2),(10006, 10000)
(39, 49),(10009, 10012)
(12, 32),(10003, 10008)
(31, 45),(10007, 10011)
(32, 10),(10008, 10002)
(23, 41),(10005, 10010)
(2, 18),(10000, 10004)
(43, 19),(10010, 10004)
(35, 15),(10008, 10003)
(1, 22),(10000, 10005)
(13, 33),(10003, 10008)
(32, 46),(10008, 10011)
(24, 42),(10006, 10010)
(16, 38),(10004, 10009)
(17, 3),(10004, 10000)
(35, 51),(10008, 10012)
(36, 16),(10009, 10004)
(28, 12),(10007, 10003)
(1, 58),(10000, 10014)
(47, 25),(10011, 10006)
(5, 28),(10001, 10007)
(9, 35),(10002, 10008)
(50, 36),(10012, 10009)
(42, 32),(10010, 10008)
(21, 9),(10005, 10002)
(8, 39),(10002, 10009)
(27, 52),(10006, 10013)
(19, 48),(10004, 10012)
(11, 44),(10002, 10011)
(39, 26),(10009, 10006)
(30, 57),(10007, 10014)
(31, 22),(10007, 10005)
(20, 49),(10005, 10012)
(12, 45),(10003, 10011)
(13, 10),(10003, 10002)
(31, 58),(10007, 10014)
(4, 41),(10001, 10010)
(32, 23),(10008, 10005)
(23, 54),(10005, 10013)
(24, 19),(10006, 10004)
(43, 32),(10010, 10008)
(16, 15),(10004, 10003)
(35, 28),(10008, 10007)
(1, 35),(10000, 10008)
(47, 2),(10011, 10000)
(5, 5),(10001, 10001)
(46, 43),(10011, 10010)
(38, 39),(10009, 10009)
(17, 16),(10004, 10004)
(9, 12),(10002, 10003)
(49, 48),(10012, 10012)
(50, 13),(10012, 10003)
(15, 55),(10003, 10013)
(7, 51),(10001, 10012)
(27, 29),(10006, 10007)
(6, 6),(10001, 10001)
(18, 60),(10004, 10015)
(39, 3),(10009, 10000)
(30, 34),(10007, 10008)
(50, 49),(10012, 10012)
(42, 45),(10010, 10011)
(8, 52),(10002, 10013)
(0, 48),(10000, 10012)
(20, 26),(10005, 10006)
(11, 57),(10002, 10014)
(12, 22),(10003, 10005)
(39, 39),(10009, 10009)
(31, 35),(10007, 10008)
(4, 18),(10001, 10004)
(32, 0),(10008, 10000)
(23, 31),(10005, 10007)
(43, 9),(10010, 10002)
(35, 5),(10008, 10001)
(1, 12),(10000, 10003)
(34, 46),(10008, 10011)
(13, 23),(10003, 10005)
(4, 54),(10001, 10013)
(45, 55),(45, 55)
(37, 51),(10009, 10012)
(16, 28),(10004, 10007)
(3, 58),(10000, 10014)
(36, 6),(10009, 10001)
(28, 2),(10007, 10000)
(26, 41),(10006, 10010)
(5, 18),(10001, 10004)
(46, 56),(46, 56)
(38, 52),(10009, 10013)
(50, 26),(10012, 10006)
(42, 22),(10010, 10005)
(8, 29),(10002, 10007)
(27, 42),(10006, 10010)
(0, 25),(10000, 10006)
(19, 38),(10004, 10009)
(20, 3),(10005, 10000)
(11, 34),(10002, 10008)
(39, 16),(10009, 10004)
(30, 47),(10007, 10011)
(31, 12),(10007, 10003)
(23, 8),(10005, 10002)
(33, 58),(10008, 10014)
(12, 35),(10003, 10008)
(13, 0),(10003, 10000)
(4, 31),(10001, 10007)
(32, 13),(10008, 10003)
(23, 44),(10005, 10011)
(24, 9),(10006, 10002)
(16, 5),(10004, 10001)
(35, 18),(10008, 10004)
(22, 48),(10005, 10012)
(1, 25),(1, 25)
(34, 59),(10008, 10014)
(46, 33),(10011, 10008)
(38, 29),(10009, 10007)
(9, 2),(10002, 10000)
(49, 38),(10012, 10009)
(50, 3),(10012, 10000)
(15, 45),(10003, 10011)
(7, 41),(10001, 10010)
(8, 6),(10002, 10001)
(26, 54),(10006, 10013)
(27, 19),(10006, 10004)
(18, 50),(10004, 10012)
(19, 15),(10004, 10003)
(11, 11),(10002, 10002)
(30, 24),(10007, 10006)
(42, 35),(10010, 10008)
(8, 42),(10002, 10010)
(0, 38),(10000, 10009)
(19, 51),(10004, 10012)
(20, 16),(10005, 10004)
(11, 47),(10002, 10011)
(12, 12),(10003, 10003)
(31, 25),(10007, 10006)
(4, 8),(10001, 10002)
(23, 21),(10005, 10005)
(1, 2),(1, 2)
(34, 36),(10008, 10009)
(45, 45),(10011, 10011)
(46, 10),(10011, 10002)
(37, 41),(10009, 10010)
(38, 6),(10009, 10001)
(3, 48),(10000, 10012)
(49, 15),(10012, 10003)
(14, 57),(10003, 10014)
(15, 22),(10003, 10005)
(7, 18),(10001, 10004)
(26, 31),(10006, 10007)
(18, 27),(10004, 10006)
(38, 42),(10009, 10010)
(30, 1),(10007, 10000)
(50, 16),(10012, 10004)
(42, 12),(10010, 10003)
(15, 58),(10003, 10014)
(7, 54),(10001, 10013)
(8, 19),(10002, 10004)
(48, 55),(48, 55)
(27, 32),(10006, 10008)
(0, 15),(10000, 10003)
(19, 28),(10004, 10007)
(11, 24),(10002, 10006)
(39, 6),(10009, 10001)
(30, 37),(10007, 10009)
(31, 2),(10007, 10000)
(41, 52),(10010, 10013)
(33, 48),(10008, 10012)
(34, 13),(10008, 10003)
(25, 44),(10006, 10011)
(4, 21),(10001, 10005)
(44, 57),(10011, 10014)
(45, 22),(10011, 10005)
(37, 18),(10009, 10004)
(2, 60),(10000, 10015)
(22, 38),(10005, 10009)
(14, 34),(10003, 10008)
(34, 49),(10008, 10012)
(26, 8),(10006, 10002)
(45, 58),(45, 58)
(46, 23),(10011, 10005)
(37, 54),(10009, 10013)
(38, 19),(10009, 10004)
(49, 28),(10012, 10007)
(15, 35),(10003, 10008)
(7, 31),(10001, 10007)
(26, 44),(10006, 10011)
(27, 9),(10006, 10002)
(18, 40),(10004, 10010)
(19, 5),(10004, 10001)
(11, 1),(10002, 10000)
(30, 14),(10007, 10003)
(29, 55),(10007, 10013)
(21, 51),(10005, 10012)
(0, 28),(10000, 10007)
(41, 29),(10010, 10007)
(20, 6),(10005, 10001)
(33, 25),(10008, 10006)
(12, 2),(10003, 10000)
(44, 34),(10011, 10008)
(23, 11),(10005, 10002)
(10, 41),(10002, 10010)
(22, 15),(10005, 10003)
(34, 26),(10008, 10006)
(25, 57),(10006, 10014)
(45, 35),(10011, 10008)
(46, 0),(10011, 10000)
(37, 31),(10009, 10007)
(3, 38),(10000, 10009)
(49, 5),(10012, 10001)
(22, 51),(10005, 10012)
(14, 47),(10003, 10011)
(15, 12),(10003, 10003)
(7, 8),(10001, 10002)
